5586	11157
7322	9921
3133	22926
1072	5052
54512	55164
861	7088
1457	23411
1401	2335
5687	5704
4716	5597
23466	27245
9669	79842
515	9131
10197	55720
7158	9442
1376	27089
7124	94097
1432	3206
529	9368
2150	5702
8546	22938
7112	22938
3312	23367
27288	51574
3065	22938
1104	8350
22827	406976
9111	9320
5704	7158
1173	55707
5111	5591
6199	10294
9135	57701
2100	8350
6169	55872
158	29978
1981	7337
140735	167691
9491	29911
6047	81542
1476	84324
301	11338
10553	57727
54629	64215
4000	57794
3321	8294
56997	90956
26003	55848
5710	5886
3837	10073
10525	55848
5689	10982
9793	22938
4697	5250
5887	6636
6472	8362
51429	55211
23450	51362
22827	51574
9410	22938
5460	84231
10574	51574
351	7431
7158	8880
327	9759
1650	10269
4055	7124
5289	10155
5610	8360
659	1326
51574	407007
2960	8350
23438	406900
627	192669
9759	22807
32	84759
6272	22837
5684	5699
4670	51121
4215	5501
2023	10549
4898	54888
5861	6117
90480	124995
5685	5690
22938	27339
2771	5339
5190	55729
811	821
7251	136991
7203	22938
6430	9775
3646	10397
25764	29979
4817	9759
292	51574
51574	203068
1642	3091
6199	6732
1173	81557
23215	23710
23047	54516
6950	10987
158	5887
6389	9759
2643	6416
1410	1421
5689	11047
4695	29789
3032	155061
521	3676
8078	84817
973	8225
6189	51185
6047	23060
6047	23456
602	5970
5725	22938
8368	55872
5597	22938
155	6456
8294	8350
327	6897
5725	5861
10884	51263
1163	5966
22938	51377
1738	8565
4841	51741
8905	29015
2289	4174
1459	51065
9135	9575
6047	83460
84219	143686
8214	27342
8439	23710
1003	5787
8351	8370
821	3419
2908	221504
2100	54499
1025	8367
9978	123879
6879	29894
6456	78994
71	3001
539	24144
22944	574031
7360	22827
3013	6188
5699	51371
2237	22938
7158	26263
3320	10728
389421	407044
3065	55734
4841	10036
79892	79917
6879	10346
821	23193
2023	6418
3312	4221
7189	10128
10667	57085
896	1019
6605	10661
7186	7187
7126	146705
10254	57542
7360	10425
8360	26270
821	2108
6541	9531
65008	90480
960	54958
1838	200081
22938	23028
8565	84324
11052	51645
5970	9349
5970	6129
3676	3939
23197	51253
7325	79016
7779	221188
2122	338323
9553	10492
5685	5707
3157	3735
2534	10015
5684	11047
10165	81631
9150	55140
60	8655
6048	51141
23020	63891
9656	55869
6637	10262
1457	11124
8726	10274
3003	3148
1676	3004
5315	8968
51639	57418
2100	51575
9775	51503
5985	22938
3949	55011
6794	7322
51341	54880
1314	22818
8359	8366
23390	64116
29079	54439
6597	6760
10009	653067
2010	3717
7917	84223
811	5604
2107	9343
4000	25972
8428	51065
5825	6047
6795	8350
4725	9131
5597	7203
7415	51649
8878	9474
9513	25917
6637	9343
154	2040
54901	284086
7675	54737
25912	51368
5687	118460
9026	23246
1738	11315
5571	9817
6193	26270
50813	51138
1387	2033
11000	27248
1452	5981
9555	221662
10801	51574
821	10549
2267	54876
8450	55234
162	55291
23020	79228
8351	84146
1025	9320
84445	84988
6203	6206
4000	10269
51493	81631
8368	442319
10318	200081
821	51079
6015	22938
896	1021
5684	5690
1311	11173
8916	23291
9391	23559
23197	219927
811	5684
5687	5690
63978	79923
154	81631
1891	5597
4831	29934
11337	55720
5110	79001
5933	22938
498	521
7846	10005
11179	256646
7203	8195
11034	81892
3831	7532
5687	8454
114571	147409
3315	8848
54512	149628
5706	5713
2801	11056
6272	26065
5689	5705
7158	9830
1832	63891
2547	5684
6187	6206
3315	9588
1314	55011
2534	51574
10283	22938
57599	57621
11261	389015
6201	8454
2040	55705
86	22938
11051	23451
1660	7520
3189	23710
2035	23020
79829	90806
7917	8625
8405	64326
5692	8454
2040	57510
6613	56949
51574	64963
6633	23385
7415	51185
998	55920
6136	9646
8086	26123
6124	10397
6733	8794
6272	9816
22938	29127
8242	9611
4779	5694
3064	27342
3148	6472
3676	5687
4067	6199
3326	5684
3376	406904
5566	445815
79039	83732
5216	10273
8914	64852
1981	8661
2962	51699
6185	56993
4522	6625
11212	55011
5687	5713
64396	100008586
6206	6210
6164	23212
3838	51574
84445	116988
483	529
7272	55143
5687	5698
821	1457
4191	5684
22938	55832
5597	9404
4627	5339
2551	25782
4175	255626
163	53371
988	10383
4704	26270
10953	65057
2810	79577
5356	22938
22938	64783
10963	83479
9188	406904
3191	79832
811	5597
2204	2209
1104	23363
1460	9616
2353	2720
6510	51478
9111	10933
65986	653067
8139	23140
6727	8454
830	6494
8655	55148
4839	6272
11338	81892
4723	5447
4841	11213
5859	6788
8487	56950
6934	7090
515	23028
3065	3839
3611	286053
483	515
126070	386676
25831	219541
22938	129831
4753	9923
3182	10170
2289	10598
6118	51100
498	51185
11235	51510
3301	84790
5612	653067
9991	57599
2631	5584
6272	54840
8294	9775
3376	8412
1080	10398
2100	51503
7534	84952
4697	7386
4618	56269
80019	114932
30011	359948
25793	80131
26234	283237
7874	9352
5901	157313
25888	90933
27249	64951
821	1211
10412	23144
7818	23291
10498	55707
6788	9218
55703	55720
126070	386677
1642	9759
3725	11335
6635	27336
202	149628
6637	9128
522	2023
3611	5689
51218	150274
5300	6667
9131	56945
6431	8668
7444	23399
2060	3883
8405	57142
6256	80205
11198	79829
1368	55633
3835	6778
841	3309
23214	29126
100652748	23197
2130	140735
4520	55922
1956	84709
1457	23122
9404	9814
821	54948
389421	406905
6629	22938
4733	22938
1337	6047
7334	10131
708	5660
3735	9367
1992	3704
10166	11326
11345	23020
5814	23212
526	5300
27249	374291
3608	22938
5687	7494
125	126
962	254065
8354	645455
5355	64975
498	2647
6883	8294
5935	27316
83987	445815
8625	54887
7157	10155
79065	91694
5686	5687
2023	9512
4697	132001
9276	54732
389421	407035
5467	386682
1838	128229
7486	23468
6801	10575
4841	407045
22938	55308
5687	5721
2289	7268
6188	10397
831	55011
5861	6118
4728	5861
1347	7416
9851	64376
1741	60412
4697	6472
2873	8450
55737	55795
9343	81892
60	2319
1891	114294
1981	51633
2100	54929
3376	51065
5862	79102
5300	5770
1108	79718
2769	80304
23291	51649
6659	84823
23379	85403
9662	57568
3727	23411
51373	155061
4686	8907
1642	7013
5684	27339
381	644
5685	7415
3312	8195
3344	7874
54512	55011
2971	3579
5936	51121
10482	140576
10726	51699
25942	359948
2100	130507
468	1050
2100	56647
10078	23154
5861	8417
29071	64116
23144	29997
4841	10940
1639	5694
149951	170622
8347	56254
4000	84930
10989	27089
4716	4724
85439	284427
9255	406901
22827	51699
5861	6749
5917	9343
4792	5300
51352	386676
1738	10726
1487	2648
7430	25932
22820	373156
905	2100
9040	23020
2120	5300
3320	5034
8974	90353
9114	51606
6272	23076
4831	10146
3329	388677
6117	55161
23412	54939
27069	126328
2100	5717
5770	65108
6612	10036
22861	55128
5093	10426
4714	5861
3239	94234
515	374291
7874	54033
11342	23673
4190	5236
6241	6491
3837	51701
5500	10155
801	1741
8050	23012
8344	56254
4691	54512
1327	6646
6047	8362
8896	79753
4670	51185
51056	51538
9221	22938
4210	10572
1351	4697
7158	9656
27339	51639
51631	57461
7386	84817
2289	3313
7417	112399
4076	55011
23390	84893
3030	51320
821	6520
10989	23557
51690	115265
1207	29934
3417	4831
6628	51185
6647	8661
5093	6165
2289	25980
23382	152816
8625	64431
11326	79810
28998	54948
84058	390928
5702	23095
3312	5597
1629	4363
9817	27258
22827	51185
10236	81631
23186	79991
23197	79065
51386	56888
821	79701
1973	1981
9343	25994
2289	4172
7158	80169
11186	23291
830	10093
5393	10987
10474	115106
7184	22938
6206	6218
8332	51574
6733	29102
1368	51474
64396	729422
3396	92170
23559	54503
79892	261726
3939	10971
4012	26270
1072	10063
124540	406886
8625	84823
4221	11091
162	10614
4697	55967
6636	22938
4736	23144
805	5971
5495	9040
6636	60313
10262	84844
4595	7507
23367	55781
2932	6446
7514	11052
6128	6206
5634	51035
9638	129563
2885	6760
6657	79595
5684	8570
5728	9368
10988	155006
6625	10985
8799	23197
10971	23367
1576	3312
9039	23028
6794	51094
6727	54433
1457	7112
4729	5250
5684	22827
2896	10539
1029	11186
4140	113174
25813	58472
1072	5300
4792	6188
22938	203068
4174	5684
7112	7158
26270	375387
6156	285855
23101	84466
581	120892
3837	5901
861	6730
5771	55178
1499	8359
5756	57103
4692	60314
54680	254225
6790	55611
498	51574
4722	6646
23098	282809
6138	23144
6205	112858
3441	3444
5802	9638
23507	64327
5093	59286
427	4841
3676	103910
1314	22938
166968	255626
6272	79590
3939	4190
29126	54918
3065	8294
51185	79016
7158	57634
55011	55236
8294	23650
56945	65993
5356	9775
754	9232
4651	7408
483	5597
5701	10540
1622	5887
5515	51382
1653	406976
6386	59349
5001	22938
11337	23212
744	7025
22827	51639
3182	81631
5971	150684
3838	22938
8975	54913
817	92170
9698	406996
7936	83894
2289	10726
142	4097
4704	4715
6259	10163
4215	9093
5861	10128
4087	10274
3191	7428
3836	6223
4134	10614
4659	51444
5917	406976
5687	8767
10940	83732
8556	93594
5289	81037
215	6047
22938	51603
8649	22827
4189	7415
10625	54512
9698	406976
4067	64072
55119	63891
27095	60684
6159	8350
9179	10717
4088	58472
22938	79023
582	583
10694	22938
4722	6520
10452	55848
83987	112399
38	483
1175	2060
2267	284273
8089	10933
3091	196074
55658	255488
6502	80331
54998	285855
7265	134492
83894	85313
6169	654364
7009	91445
1457	23028
135	57414
8634	406976
8367	9759
1948	8615
2597	9343
648	126208
3611	5701
5984	22938
23149	84759
4842	8655
1981	23517
1376	51079
6154	9775
7415	81892
9188	22938
6164	8454
5430	7040
4176	133619
2100	57689
23020	83732
2869	25942
51574	57819
3608	23367
4869	85313
5230	55011
830	9948
509	7384
7040	29122
8350	283489
6047	7779
6122	10397
975	84726
7905	137695
5917	407045
3735	5684
1915	26270
7337	10945
2872	9958
65125	150274
1958	29947
71	7431
1642	5728
7186	23043
5901	100131211
2289	23405
515	6389
10574	57563
861	1808
1104	3840
8761	23291
166	7185
9531	51499
22938	60412
5515	10494
23567	404734
3065	51574
6730	51121
3312	22938
5700	22938
4697	10989
6175	6206
4000	7158
5300	5604
498	10632
26094	64708
10492	127833
9465	51574
9128	51121
29082	128866
5684	5704
6047	57326
10492	51065
8655	9685
5687	11047
170506	406989
5687	56984
249	26270
9631	22938
5687	5696
6154	124245
86614	144455
23020	26121
5223	5684
7533	9343
2100	29105
1327	114294
6047	27346
2091	81627
821	6389
22856	55454
7037	340441
10043	54512
5705	25862
1650	5597
861	3313
3187	10971
9601	22834
6389	65008
9147	55142
23446	23507
9967	11168
896	84265
2113	5591
4831	5886
6489	26173
1994	27086
10009	254225
11338	51639
3609	5355
9500	56997
966	51444
8726	84061
51253	57129
5684	8078
3312	5971
951	5293
3725	23020
10262	51574
11007	80764
78988	124995
8294	442319
3725	29093
1781	8661
539	4715
3646	26270
11083	23212
54913	83759
3326	7128
9188	406976
7416	26986
4686	221927
56997	57017
150	7534
6430	11337
54539	81542
3608	81631
5684	5698
2100	6432
613	1173
7012	55651
326	26986
51493	406976
6602	8681
10492	51121
790	7186
1453	8864
678	2100
8353	8360
50514	79365
6728	9775
5447	58477
8826	84248
4300	57669
1725	10226
3309	27283
2885	11183
6015	10138
55253	165829
5861	55705
22803	54472
84690	345651
861	5905
7322	9040
4005	10963
60	6232
9039	28960
526	51606
6950	7260
64881	149069
8175	51639
5685	8454
5093	6189
6389	8803
22934	54554
3308	3320
3609	57515
2495	11198
801	23317
10376	22938
6119	9897
55699	374291
1650	10632
5789	158763
22818	84062
9551	23028
6637	79171
10262	10987
1432	65108
805	4791
1503	11337
6015	57666
9100	80149
8604	84461
6574	345778
3015	8294
5705	51574
5393	5687
9238	23409
23291	55759
3654	92610
6047	7158
2100	58477
5305	8396
830	55571
6575	9356
10644	150274
5300	6421
11337	55922
3872	23028
164	11276
5701	22938
104	51491
6189	51065
3725	51065
5111	51455
22938	118460
3028	10935
6472	51735
5719	55596
10262	81892
55004	153129
9861	130617
2100	246175
5515	653404
10987	146754
221476	375775
1523	5925
5911	23385
5093	9246
7481	386676
8350	65986
23510	81550
4215	9782
2107	64963
6631	8356
5564	51727
4005	5438
51122	150684
6839	84445
2976	27332
10189	51121
5431	6924
896	5499
9261	29904
9070	79577
23411	51341
51574	55168
4637	6789
861	8655
2071	7158
7268	51699
5604	5694
7158	221504
1315	3831
22938	57470
1213	26953
3920	7517
6155	6232
26353	91833
4308	79923
4686	8295
5268	65061
6628	51574
3998	80700
29799	29966
4171	6634
6455	8880
7324	10273
2873	6249
595	84172
5335	6261
9775	84324
81	830
23193	124512
8454	51121
23244	114609
975	5591
4942	56893
3308	7265
6950	7277
4651	7706
60	81565
6165	7189
11266	28227
5687	5707
5351	80781
5394	54512
159	476
5710	26994
10657	22938
6625	27339
5591	84126
892	10474
51144	54499
1345	9131
1655	11337
10969	22938
3183	22938
9343	51639
4839	5795
1130	8819
10541	255626
10940	83759
3068	100008589
5947	6657
6504	9816
7251	7917
2289	55070
293	26270
71	8362
5685	5713
51014	55754
27163	55959
6794	23411
80005	375444
5447	79139
8826	26750
230	5232
1725	1984
5371	7706
22938	51645
6047	25912
7189	11224
5636	54516
4790	6923
85456	112399
22938	57619
403	7534
409	554
3185	406886
6155	6206
4171	6659
8175	10131
8803	133686
1891	57001
522	9131
5685	55011
6732	10598
9255	23012
8366	23363
10694	51185
861	8761
6727	6730
10667	23144
10992	407035
2010	4543
23291	79648
54901	64210
2643	9815
8360	84875
1891	55848
6625	6626
2100	55746
51429	112399
8178	27125
10245	23197
861	2547
6223	10131
7040	80723
471	2040
5315	8357
5684	26270
22938	28969
1994	5045
10549	10935
5597	55011
55178	57129
7185	84901
7030	10128
51121	54998
801	1813
9149	10273
23197	26100
521	10452
1314	7203
7917	117283
23012	56904
8214	57085
821	1743
1503	8412
2597	5052
2335	7417
7189	53944
9146	86614
10574	51362
22954	387522
5034	5684
3265	8945
3855	10763
5634	9343
6272	23062
2322	2323
10067	10632
2322	3932
22938	83732
6188	56254
51023	65993
84292	117178
3065	4221
25949	124245
2353	9935
4221	30827
5987	222484
1059	10045
3303	23710
5663	23136
483	4704
5339	10121
7186	8718
6637	22938
2100	55596
1163	23392
5694	10540
7013	10274
5500	9343
51202	54512
6155	124245
5861	9093
515	22872
10280	221188
8773	23673
5106	124220
7874	81603
1503	81631
6727	9775
9817	23386
207	5588
29979	150274
5687	5705
5685	5721
6662	642658
2040	10694
329	81603
64396	729408
80124	117245
1147	203068
9662	29079
5300	5515
6124	6206
5094	7205
2959	5705
6135	27043
5684	10376
9131	55863
65056	79666
5686	5706
9656	65057
71	51574
23020	23076
8364	11060
5562	23178
142	51574
11326	51537
6142	54512
483	51121
213	10494
26270	27248
4714	7879
4869	8294
4713	4715
355	7485
6314	57159
5685	5686
6811	7917
5710	10540
8314	29915
6950	8195
8924	84219
6047	84514
509	10574
5690	51574
3725	5687
5300	8772
10269	79102
3091	10128
9343	54512
6047	6139
9070	23133
5684	5725
6205	51121
5515	7874
7386	9446
2547	51574
80135	84458
6188	6206
5300	11017
1051	5925
11198	54623
4692	84062
10254	83746
6614	7143
1432	4734
100506658	5582
23028	51185
8365	554313
521	51520
6272	8565
3320	6147
1457	83732
7272	25886
3725	84726
6772	9636
3959	26509
10170	117247
8351	26010
9636	26509
2317	113791
710	2896
8337	9447
2896	6272
7453	9026
3575	8651
29126	80380
3433	3437
6890	6891
4863	8360
8338	8360
9026	29126
28951	114769
713	2710
2633	2634
4343	9447
4343	10643
2043	115362
9636	51056
10643	26270
9397	157638
2317	4863
5698	6890
4343	8360
4343	58472
6272	55601
3437	9636
5698	5721
3665	8651
2317	9636
3437	4343
3959	26270
5698	6891
8337	8351
9447	55342
8351	723790
23136	26270
3433	9636
3717	6773
4343	8351
114769	440068
3240	10912
4616	10912
6772	83666
8351	257218
2633	9636
54625	83666
3240	6272
6272	83666
6272	8638
2317	9246
2633	115362
1845	6772
9246	9636
2317	4582
6772	6773
2896	26270
9447	723790
3717	8651
8360	257218
4343	23368
3717	6772
713	714
8338	8351
5329	6772
2041	9026
7453	9636
8351	8360