5586	11157
1654	8065
50813	51185
1072	5052
3184	65056
1108	84991
5687	5704
166	9841
23144	55299
1376	27089
26523	55802
7037	10075
2976	8351
2150	5702
8546	22938
3312	23367
3065	22938
1452	5917
6199	10294
6169	55872
1981	7337
6047	81542
1476	84324
2665	5962
56997	90956
11140	80267
6625	115752
1432	64770
10525	55848
9793	22938
4697	5250
22827	51574
5706	11047
9410	22938
3187	60496
821	57130
1650	10269
8726	23394
659	1326
3187	4520
10401	22954
5684	5699
3091	29894
5685	5690
22938	27339
7251	136991
7203	22938
6430	9775
292	51574
7157	11091
7311	11201
23047	54516
6950	10987
5716	9817
2643	6416
3094	387522
514	521
6189	51185
84246	90390
1650	3476
5725	22938
10228	10482
5597	22938
1845	3106
9447	10212
327	6897
472	6118
22938	51377
1785	23607
1738	8565
4841	51741
8905	29015
6167	55872
1459	51065
8260	51699
3313	8737
8351	8370
6207	6232
55342	406976
2801	55758
7360	22827
10383	51320
8481	23379
10486	345651
10254	57542
5034	7532
22938	23028
5970	9349
5685	5707
10270	79155
2534	10015
5684	11047
10165	81631
2962	5701
6637	10262
4188	26505
8726	10274
3983	10241
3187	10575
63891	119765
5985	22938
6047	60559
5496	6625
6597	6760
2107	9343
5825	6047
5125	57532
54948	65008
25912	51368
5687	118460
5934	6502
1387	2033
8607	11091
7341	8467
11000	27248
1452	5981
5931	90850
2267	54876
23020	79228
7324	9810
51397	54939
2289	54583
472	5830
908	23193
6015	22938
29079	153241
896	1021
8916	23291
9391	23559
811	5684
8570	55832
5687	5690
4725	7384
5110	79001
22938	23517
3065	7343
2288	3315
7428	8065
3189	10949
908	3065
4216	7175
27347	64225
2547	5684
7329	79902
2534	51574
10283	22938
11261	389015
86	22938
23451	84991
11051	23451
51207	200845
7532	51530
7917	8625
7415	51185
7155	23367
5706	6210
60	87
5966	8664
3066	55758
3064	27342
3611	6194
55320	64376
3326	5684
5585	8427
695	1820
79039	83732
8914	64852
2962	51699
6185	56993
11212	55011
4507	132789
8351	10629
6206	6210
160	57587
6164	23212
8345	157313
9742	10726
4191	5684
22938	55832
2551	25782
5562	9782
6389	27089
988	10383
8450	9667
6230	10987
5356	22938
22938	64783
811	5597
1460	9616
10155	55781
2962	7514
1454	6249
830	6494
8655	55148
3320	7283
6047	29880
11338	81892
8570	55723
8487	56950
472	7486
1493	6776
22938	129831
7341	9146
11235	51510
3301	84790
3010	8349
6389	57001
409	3187
5684	7167
6257	8405
1080	10398
1616	7155
975	3178
10797	120892
10412	23144
28958	119559
202	149628
6641	7430
6204	54499
26270	51726
57610	90060
6233	10987
6047	6201
3187	11321
9958	58513
23214	29126
2130	140735
1956	84709
1457	23122
4332	65083
6629	22938
4733	22938
5094	22938
8065	116064
1337	6047
3476	8761
3735	9367
5814	23212
3608	22938
6047	54495
23450	91603
7329	23118
3065	23118
7529	9698
11161	56144
5499	8030
9040	23142
8370	26270
1457	5305
10982	11017
22938	55308
1195	6428
5934	221937
9851	64376
1741	60412
6092	10206
1108	79718
23379	85403
835	7329
381	644
23390	26580
11091	79726
5685	7415
6194	27292
54512	55011
2971	3579
5936	51121
10726	51699
973	7297
468	1050
10078	23154
4841	10940
695	6776
10284	11198
1738	10726
3703	26270
1398	3106
3320	5034
6629	10262
7979	10273
3937	84106
23028	55329
2801	58516
988	2874
23616	30011
6047	8362
6642	29079
51056	51538
10421	11017
9221	22938
4210	10572
7486	9656
1351	4697
26580	84896
3611	6235
821	6520
51072	51479
6628	51185
3183	7534
5093	6165
9817	27258
22827	51185
23186	79991
3676	6723
8467	22938
5250	6687
7337	8545
7431	7791
22995	23094
23753	26270
7184	22938
6206	6218
5861	25820
5987	6477
7150	25804
6194	55759
1072	10063
9440	29079
4221	11091
162	10614
8408	9821
6636	22938
4736	23144
805	5971
10262	84844
1738	10574
23367	55781
9638	129563
5684	8570
6625	10985
10971	23367
6794	51094
2580	10188
1457	7112
5684	22827
22938	203068
1460	7088
7283	51121
4174	5684
54101	84522
6189	7570
6138	23144
3841	6502
10459	51065
5093	59286
7158	57634
3921	6169
1975	26270
6601	10291
5977	6601
2033	3659
5935	91368
3611	6152
509	1650
3838	22938
1457	51138
6259	10163
3276	6625
4087	10274
10987	23253
10940	83732
9815	55275
22938	51603
27095	60684
6159	8350
4088	58472
22938	79023
10694	22938
7329	11140
10452	55848
1195	11104
4100	11074
8089	10933
8370	440689
9958	51574
7009	91445
3065	55893
7030	9631
5701	11047
1937	55339
5984	22938
1981	23517
1376	51079
6154	9775
8556	134359
9188	22938
3608	23367
509	7384
5566	6853
7337	10945
1958	29947
2289	23405
1031	60491
10137	29925
3312	22938
472	9937
5300	5604
26094	64708
1195	10949
7529	10238
963	3732
3189	7750
2932	8473
3133	3136
5687	11047
6472	8625
9631	22938
6118	23020
55197	653226
6189	26986
23020	26121
5223	5684
10043	54512
861	3313
3187	10971
6389	65008
6047	56942
8214	81704
85476	374291
10550	79001
3959	10426
29979	84557
509	400916
6430	25980
5954	7430
1195	64783
51253	57129
5684	8078
6118	317772
51026	79001
10262	51574
5706	22938
3326	7128
4332	81627
6223	29904
60491	91056
613	1173
1173	9513
5869	64786
7012	55651
26037	57706
326	26986
28977	51253
6602	8681
3028	9589
7347	84936
81894	154091
1785	553115
8353	8360
2648	11186
4215	51474
861	5905
10574	11091
6950	7260
801	23317
1457	84365
6637	79171
11017	200081
10262	10987
1432	65108
805	4791
6015	57666
2130	9871
6143	9924
6204	10987
483	7419
23020	203068
2120	51513
5597	6541
5300	6421
7486	56897
4216	6272
5701	22938
3608	9905
1630	1977
7579	84307
6189	51065
3055	116448
22938	118460
509	6598
10262	81892
9861	130617
6157	60487
4215	9782
6631	8356
10236	23020
10189	51121
3428	55023
5431	6924
9070	79577
51574	55168
4637	6789
22938	57470
6155	6232
4926	8607
3611	8775
5268	65061
6628	51574
3998	80700
6432	23450
7324	10273
2873	6249
81	830
6130	27292
4691	23020
3417	7415
51574	140465
60	81565
9513	80125
5687	5707
8338	254225
6047	6185
10657	22938
3885	79155
6625	27339
908	9524
10969	22938
3183	22938
9342	125988
6047	54499
4839	5795
1130	8819
3068	100008589
11017	56259
71	8362
9861	10945
51014	55754
1315	22938
11167	57689
5371	7706
7185	10318
22938	51645
6047	25912
5636	54516
9440	10001
8803	133686
4192	4300
5685	55011
9255	23012
861	8761
23020	27339
1616	10498
1891	55848
6625	6626
6223	10131
10135	10410
2648	11091
22938	28969
1043	6737
1994	5045
5597	55011
9851	153241
1915	5476
1741	2904
6897	60673
3336	11338
6152	27292
22954	387522
5034	5684
5634	9343
22938	83732
84292	117178
25949	124245
8110	9524
4221	30827
4591	55659
3066	6670
6637	22938
695	2207
11124	168620
10280	221188
5500	25842
10463	64786
5518	23517
9662	29079
5291	127544
8556	9625
65056	79666
23020	23076
7917	55704
3326	10062
483	51121
5411	22794
26270	27248
54938	56888
64754	81557
5690	51574
3183	6047
3725	5687
10009	112869
3611	6139
6047	6139
9070	23133
7386	9446
2547	51574
1676	64422
10236	169841
11198	54623
9849	55212
10254	83746
6614	7143
9782	9968
8365	554313
9223	23367
7706	9636
8349	440689
4277	7706
28951	120892
7706	64761
6772	9636
6993	11278
59	2760
10398	120892
3665	9021
3959	26509
4599	6672
930	8519
640	6037
8778	51284
10170	117247
8351	26010
9636	26509
2317	113791
634	1088
7571	8291
9636	51191
8349	9882
6737	85363
710	2896
8337	9447
3959	8778
2896	6272
8351	55133
5610	6772
7706	11278
6737	8351
5359	6590
629	10577
3575	5610
3575	8651
8338	8349
3428	6788
712	713
2947	4343
8344	51510
6772	10379
3659	8351
23095	57706
8365	54908
3575	8349
7706	64135
3433	3437
930	973
7706	23368
1991	2896
6890	6891
7706	81831
1432	6604
916	1236
684	7706
4343	6672
8351	317772
5610	8365
3311	8349
2272	51176
8365	440689
2882	57128
1088	4680
3959	5610
28951	114769
5610	9636
58484	64127
5610	9447
1397	10912
8344	723790
2317	54908
2947	23368
713	2710
59	120892
2633	2634
3911	7706
467	9935
3674	26270
4343	9447
717	727
8365	26270
8349	8351
3437	24138
4343	10643
6272	22837
1432	8365
6737	54908
3437	23586
3311	440689
3659	10379
5423	317772
916	952
7706	399665
2043	115362
7706	692084
9636	51056
8365	151636
10643	26270
3717	9021
3665	6737
7706	9246
3959	57124
3101	10577
7706	26509
777	8349
10616	23586
2041	7706
2317	7706
10673	51361
8351	120892
7097	23643
6737	26270
3434	24138
6788	120892
8743	9021
54625	151636
4001	26270
54762	57476
9397	157638
7706	10616
2317	4863
3665	9935
5698	6890
55342	120892
7706	122402
1950	4001
467	3399
23597	27074
5476	26270
1901	3101
4343	58472
6272	55601
7706	57476
23597	26270
7706	113246
3659	6772
640	973
8349	8365
3437	9636
5698	5721
3428	6672
64135	79132
1475	1514
2533	8349
634	4680
3665	8651
9636	24138
2317	9636
7453	7706
5423	8344
9246	10616
467	6772
7089	51176
3437	4343
3959	26270
4599	9636
7706	55803
6272	22853
4863	8365
1514	6590
5698	6891
4001	120892
8337	8351
9447	55342
7706	64759
634	1084
8351	723790
5359	220042
5004	5730
3428	5610
23136	26270
9636	23586
2634	2635
3433	9636
3717	6773
4261	10346
8344	55133
8338	8365
710	1991
4343	8351
114769	440068
3717	151636
3240	10912
921	939
7706	23034
4616	10912
2896	3101
3911	26270
7100	9249
6772	83666
5610	10643
5610	8338
2882	5610
2633	9636
54625	83666
5610	55342
3428	26010
1432	7706
3428	3433
3240	6272
1230	6772
6672	120892
8291	9172
7097	8778
6272	83666
4057	55423
6737	10616
7706	23597
3434	4343
6272	8638
2317	9246
116448	117157
5610	406991
7706	10643
9053	23178
2633	115362
3101	5730
3434	9636
3433	3434
5032	7706
8349	91351
710	6403
3959	85441
4343	8365
9636	85441
2710	340547
1506	5721
712	714
8337	120892
59	6037
644	7706
3240	5610
1845	6772
6772	151636
7706	51060
1845	1950
467	7706
9636	51510
7706	22853
306	9636
8351	54908
921	973
1514	4343
8291	23095
6772	23586
2896	6590
4343	55771
32	8365
7100	8778
4343	5610
9246	9636
2633	2635
5610	79132
8337	8344
820	1991
3434	3437
4343	64759
5729	5730
7706	9050
5610	58484
6772	6773
2896	26270
3428	85441
23136	26047
9447	723790
3399	3428
120892	723790
2041	23597
51440	146330
23586	79132
4061	7706
7706	9053
10616	64127
51510	64127
3717	8651
9246	51191
8351	8365
4001	23178
432	26270
2205	2207
3310	54908
8365	317772
7644	51510
1991	6590
5329	5476
4343	23368
3717	6772
713	714
8338	8351
5329	6772
83666	151636
3428	4343
85363	117854
3428	91351
2043	64759
3430	6737
1432	6772
6773	10379
6539	8825
2634	6788
7706	406991
7453	9636
3311	8365
7706	23586
1432	3240
10643	406991
