DB00001	2147	
DB00002	712	713	714	1956	2209	2212	2214	2215	
DB00004	3559	3560	3561	
DB00005	712	713	714	2209	2212	2213	2214	2215	4049	7124	9103	
DB00006	2147	
DB00007	2796	2798	
DB00008	3440	3454	3455	
DB00009	2243	5054	5329	5340	
DB00010	2692	
DB00011	3454	3455	
DB00012	2057	
DB00013	4036	4811	5054	5055	5104	5328	5329	5340	6768	
DB00014	2796	2798	3973	
DB00015	2243	5054	5340	
DB00016	2057	
DB00017	799	
DB00018	3454	3455	
DB00019	1441	
DB00020	1438	1439	3563	5553	6383	
DB00022	3440	3454	3455	
DB00024	7253	
DB00025	433	811	821	2158	2159	3309	3998	4035	5264	7450	90411	
DB00026	3554	
DB00028	718	720	727	2209	2212	2213	2214	2215	9103	
DB00029	2243	5054	5340	
DB00030	1363	3480	3643	5925	
DB00031	302	811	821	2243	3856	4035	5054	5055	5329	5340	7123	
DB00032	2492	3973	
DB00033	3459	3460	
DB00034	2263	3454	3455	
DB00035	552	553	554	5021	
DB00036	2152	2155	2159	2677	7035	
DB00038	3590	
DB00039	2260	2261	2263	2264	3339	8829	
DB00040	2642	2740	9340	
DB00041	3558	3559	3560	3561	
DB00042	6843	6844	127833	
DB00043	2205	2206	2207	
DB00044	3973	
DB00045	7097	
DB00046	3480	3643	
DB00047	3480	3643	
DB00048	1277	1278	1280	1281	
DB00050	2798	3973	
DB00051	7124	
DB00052	2690	5618	
DB00054	2212	2213	3674	3690	7448	
DB00055	2147	2153	2157	5054	5104	5196	5269	5627	7056	10544	
DB00056	945	2209	2214	2215	
DB00058	1991	
DB00060	3454	3455	3456	
DB00061	2885	
DB00062	213	
DB00063	3674	3690	
DB00065	7124	
DB00066	2492	
DB00067	552	553	554	
DB00068	3454	3455	
DB00069	3454	3455	
DB00070	7040	
DB00071	1363	1509	3119	3416	3480	3490	3643	4036	4856	5122	5126	5925	94121	
DB00072	2064	
DB00073	931	
DB00074	3559	3560	
DB00075	915	916	917	919	2215	
DB00078	931	
DB00081	931	2213	
DB00082	2690	
DB00083	388	6616	
DB00086	2149	5340	
DB00087	1043	2209	2212	2213	2214	2215	9103	
DB00089	2346	
DB00091	819	5478	5530	5535	10105	
DB00092	914	965	2214	2215	
DB00093	552	
DB00094	2492	
DB00095	3683	3687	
DB00097	2492	3973	
DB00098	909	920	942	2213	3140	3683	3685	3688	3690	
DB00099	1441	1991	
DB00100	2147	2155	2157	2159	2160	2677	4035	
DB00102	2	5156	5159	
DB00104	6752	
DB00105	3440	3454	3455	
DB00106	2798	
DB00107	552	553	554	5020	5021	
DB00108	2209	2215	3383	3676	
DB00110	712	713	714	715	2209	2213	2214	2215	
DB00111	3558	
DB00112	712	713	714	2209	2212	2213	2214	7422	9103	
DB00114	18	189	211	212	586	587	883	1491	1644	2147	2571	2731	2805	2806	2875	3067	4942	4953	5834	5837	6470	6472	6898	8879	8942	9054	9517	10558	11212	23464	29968	51091	51166	51380	51540	55034	55163	55304	56267	57026	63826	64902	84706	85007	113451	113675	285313	
DB00115	4524	4548	4552	4594	25974	166785	
DB00118	262	1312	4143	4144	23070	27232	57412	
DB00119	18	5091	5162	5313	5315	6566	6567	9120	9121	9122	9123	9194	23539	64902	
DB00120	2193	5053	6898	7054	10056	10667	23428	
DB00121	31	32	3141	5091	5095	5096	56922	64087	
DB00122	43	590	1139	5130	5337	5338	9468	162466	
DB00123	3735	6541	6542	84889	
DB00126	1621	5033	5066	5264	5351	5352	8284	8424	8985	10536	54583	54681	55214	55217	55239	64175	79676	112398	112399	121642	221120	
DB00128	95	159	440	443	444	445	1615	2805	2806	4069	6035	6505	8604	10165	10606	55157	80150	122622	
DB00129	383	384	2628	4942	4946	5009	6541	6542	10166	83884	
DB00130	1503	2752	5471	
DB00131	107	132	1385	2180	2203	3094	5142	5144	5562	5563	5564	5565	5571	51422	53632	55902	
DB00132	3992	5465	5467	5468	6256	6546	7442	9415	9971	54898	60481	
DB00134	635	4548	4552	10988	23743	
DB00135	6898	7054	8565	51067	
DB00136	3206	7421	
DB00138	23657	
DB00139	7915	56670	
DB00140	645	55312	
DB00141	2683	4669	5973	8702	51172	55577	
DB00142	18	440	586	587	2028	2058	2346	2356	2571	2572	2677	2729	2730	2744	2746	2747	2752	2805	2806	2875	2890	2891	2892	2893	2897	2898	2899	2900	2901	2902	2903	2904	2905	2906	2911	2914	2917	2918	5198	5832	6505	6506	6507	6511	6512	6898	8833	10157	10841	23549	23657	26873	27165	29968	51166	55191	84706	116443	124454	162417	
DB00143	231	1576	2098	2678	2739	2745	2876	2877	2878	2879	2882	2936	2937	2938	2939	2940	2941	2944	2946	2947	2948	2949	2950	2952	2954	3029	4056	4257	4258	4259	4318	9446	27306	51022	119391	221357	373156	493869	
DB00144	949	1608	5578	8527	9791	10396	23761	55512	55627	81490	
DB00145	189	211	212	570	2617	2628	2742	2743	2841	2903	2905	2937	6470	6472	8001	10249	23464	27232	51268	64902	116444	
DB00146	7421	
DB00148	1152	1158	1159	1160	2593	6535	
DB00150	7453	10352	
DB00151	833	1036	1491	2729	2730	2805	2806	2937	4255	9054	51380	79587	
DB00152	27010	
DB00153	773	774	775	776	777	778	779	781	782	783	784	785	786	7421	8911	8912	8913	9254	10368	10369	27091	27092	55799	59285	
DB00155	445	4842	4843	4846	5009	11240	23564	23569	23576	29943	51702	353238	
DB00156	6897	80222	
DB00157	35	124	125	126	127	128	131	216	217	218	219	220	221	223	224	231	275	501	622	644	645	1036	1109	1579	1586	1645	1646	1717	1719	1727	1737	1738	1962	2597	2746	2747	2819	2936	3028	3030	3033	3156	3162	3163	3248	3283	3284	3290	3291	3292	3293	3294	3295	3419	3420	3421	3614	3615	3939	3945	3948	4190	4191	4199	4200	4329	4522	4535	4536	4537	4538	4539	4540	4541	4694	4695	4696	4697	4698	4700	4701	4702	4704	4705	4706	4707	4708	4709	4710	4711	4712	4713	4714	4715	4716	4717	4718	4719	4720	4722	4723	4724	4725	4726	4728	4729	4731	4835	4967	5160	5161	5162	5831	5860	5959	6307	6652	7264	7299	7358	7915	7923	8644	8659	8854	9563	10157	10797	10873	11112	23530	26227	26330	29920	50814	51079	51478	55967	56901	92483	126328	160287	374291	
DB00158	2348	2350	2352	6573	113235	
DB00159	2182	2864	3992	5465	5467	5468	5742	5743	6546	7442	
DB00161	586	5096	7407	
DB00162	216	220	347	5730	5959	6258	8854	9227	9249	10901	51109	54884	57665	112724	145226	
DB00163	240	1606	5515	5516	5578	5579	8856	23541	266629	284904	
DB00165	8566	
DB00166	8884	11019	51601	
DB00169	7421	
DB00170	316	632	1728	2147	2158	2677	4835	5624	5627	79001	154807	
DB00173	32	52	353	4507	6733	55825	
DB00174	440	4677	6510	10991	54407	79731	80150	81539	
DB00175	3066	3156	
DB00176	3757	6532	
DB00177	185	
DB00178	623	1636	
DB00179	240	2064	6462	
DB00180	2908	
DB00181	2550	9568	
DB00182	146	147	148	150	151	152	153	154	155	1813	4128	4129	6530	6531	6532	6571	9607	134864	
DB00183	887	
DB00184	1103	1135	1136	1137	1138	1139	1141	1142	1143	1588	8973	55584	
DB00185	1128	1131	
DB00186	706	2554	2555	2556	2557	2558	2559	2560	2561	2562	2563	2564	2565	2566	2567	55879	
DB00187	153	
DB00188	5644	5689	5693	
DB00189	2554	2555	2556	2557	2558	2559	2560	2561	2562	2563	2564	2565	2566	2567	55879	
DB00190	1644	
DB00191	4128	4129	4852	6530	6531	6532	
DB00192	6331	
DB00193	134	150	151	152	1128	1131	2902	2903	2904	2905	2906	3358	4985	4986	4988	6326	6530	6532	6869	7442	116443	116444	
DB00194	136	
DB00195	153	154	
DB00197	2030	2101	2104	2182	2950	5054	5465	5467	5468	
DB00198	4758	4759	
DB00199	2862	3757	
DB00200	4548	4594	6947	8029	25974	81693	166785	
DB00201	134	135	136	140	472	3708	3709	3710	5136	5137	5138	5139	5140	5141	5142	5143	5144	5145	5150	5151	5152	5153	5158	5290	5291	5293	5591	6261	8622	8654	10846	27115	
DB00202	1128	1129	1131	
DB00203	5148	5149	8654	
DB00204	3757	3768	
DB00205	1719	2348	3074	
DB00206	332	6570	6571	
DB00207	23569	
DB00208	5724	64805	
DB00209	1128	1131	1133	
DB00210	2805	3725	5914	5915	5916	6256	6257	6258	7097	
DB00211	146	147	148	
DB00212	5972	
DB00213	495	496	23576	
DB00214	6557	6558	
DB00215	3269	6532	
DB00216	3350	3351	3352	3355	
DB00217	150	151	152	153	154	155	3758	
DB00218	7153	
DB00219	1128	
DB00221	153	154	
DB00222	3758	3767	6833	10060	
DB00223	2908	5319	
DB00226	6530	
DB00227	3066	3156	3683	
DB00228	487	773	774	775	776	777	778	779	781	782	783	784	785	786	2554	2555	2556	2557	2558	2559	2560	2561	2562	2563	2564	2565	2566	2567	2902	2903	2904	2905	2906	3736	3737	3738	3739	3741	3742	3744	3745	3746	3747	3748	3749	3750	3751	3752	3753	3754	3755	3756	3757	3784	3785	3786	3790	7881	8514	8911	8912	8913	9132	9254	9312	9992	10008	10368	10369	23416	23630	23704	26251	27012	27032	27091	27092	27133	55799	55879	56479	59285	90134	93107	116443	116444	131096	169522	170850	
DB00230	781	
DB00231	706	2554	2555	2556	2557	2558	2559	2560	2561	2562	2563	2564	2565	2566	2567	55879	
DB00232	6557	
DB00233	240	1147	1719	5742	5743	
DB00234	6530	
DB00235	5139	
DB00237	1135	1136	1137	1138	1139	1141	1142	1143	2554	2555	2556	2557	2558	2559	2560	2561	2562	2563	2564	2565	2566	2567	2890	2891	2892	2893	2897	2898	2899	2900	2901	8973	55584	55879	
DB00239	8856	
DB00240	866	2908	
DB00241	1137	1139	2554	2555	2556	2557	2558	2559	2560	2561	2562	2563	2564	2565	2566	2567	2891	2898	55879	
DB00242	100	4860	5422	5426	5427	6240	6241	50484	54107	56655	
DB00243	146	147	148	153	775	776	778	779	782	783	784	785	3759	3761	3768	5340	6323	6324	6326	6327	6328	6329	6330	6331	6334	6335	6336	11280	55800	
DB00244	240	1147	3551	4353	5468	5742	5743	
DB00245	1128	3269	6530	6531	6532	
DB00246	147	148	150	151	152	1128	1129	1131	1132	1133	1139	1812	1813	1814	1815	1816	3269	3350	3351	3352	3354	3356	3358	3359	3361	3362	3363	9177	170572	200909	285242	
DB00247	3350	3351	3354	3355	3356	3357	3358	3363	
DB00248	146	147	148	150	151	152	153	154	1812	1813	1814	1815	1816	3350	3351	3352	3356	3357	3358	3363	
DB00252	773	775	776	778	779	782	783	784	785	2554	2555	2556	2557	2558	2559	2560	2561	2562	2563	2564	2565	2566	2567	3757	6323	6324	6326	6328	6331	6334	8856	55879	
DB00253	2101	2103	2104	2908	
DB00255	367	2099	2100	2101	2103	2104	6462	8856	10499	
DB00257	3579	3783	8856	
DB00260	2902	
DB00261	5139	
DB00262	2936	
DB00264	153	154	
DB00266	1429	1728	79001	
DB00268	146	147	148	150	151	152	1813	1814	1815	
DB00270	775	776	779	781	783	8912	9254	
DB00272	3274	
DB00273	759	760	761	762	775	776	777	778	779	782	783	784	785	2554	2897	2898	2899	2900	2901	6323	6326	6328	6329	6331	6334	6335	6336	11280	
DB00275	185	
DB00276	213	3757	5004	7153	7155	
DB00277	134	135	136	142	3066	5139	5141	5142	8654	8904	23420	26140	79608	81502	
DB00278	2147	
DB00279	5111	7067	7068	
DB00280	1128	1129	1131	3751	3752	3757	5005	6331	
DB00281	1956	5004	5005	6329	6331	6335	6336	11280	
DB00282	836	842	2224	9453	
DB00283	3269	
DB00284	279	2548	6476	8972	
DB00285	6530	6531	6532	
DB00286	2099	2100	
DB00287	5737	
DB00288	301	2101	2103	2104	2908	
DB00289	2902	2903	2904	2905	2906	3760	4986	6530	6532	116443	116444	
DB00290	3978	3980	
DB00292	151	2554	2555	2556	2557	2558	2559	2560	2561	2562	2563	2564	2565	2566	2567	55879	
DB00293	2356	7298	
DB00294	5241	
DB00295	4985	4986	4988	23643	
DB00296	6336	
DB00297	5731	6336	
DB00298	146	147	148	1813	
DB00299	7083	
DB00302	5340	
DB00304	2099	5241	
DB00306	1137	1139	2554	2555	2556	2557	2558	2559	2560	2561	2562	2563	2564	2565	2566	2567	2891	2898	55879	
DB00307	6256	6257	6258	
DB00308	775	781	782	786	3757	3767	3775	90134	
DB00309	81027	
DB00310	759	6557	
DB00311	759	760	
DB00312	1137	1139	2554	2555	2556	2557	2558	2559	2560	2561	2562	2563	2564	2565	2566	2567	2891	2898	2902	2903	2904	2905	2906	8856	55879	116443	116444	
DB00313	18	36	3066	4967	5465	5467	5468	6323	6324	6326	6327	6328	6329	6330	6331	6334	6335	6336	7915	9734	11280	55800	
DB00315	3350	3351	3352	3354	3355	3356	3357	3363	
DB00316	5742	5743	6530	6532	7442	10728	
DB00317	1956	
DB00318	4985	4986	4988	
DB00320	150	1813	3351	3352	3357	
DB00321	146	147	148	150	1128	1129	1131	1132	1133	3269	3274	3350	3351	3352	3356	3358	3362	3363	3736	3757	3785	3786	4914	4915	4985	4986	4988	6530	6532	10280	59340	90134	
DB00322	7298	
DB00323	1312	
DB00324	2908	
DB00325	2982	2983	3708	3709	3710	4881	
DB00327	4985	4986	4988	
DB00328	2739	5320	5465	5468	5742	5743	8644	11251	145482	
DB00331	2110	2819	5564	55244	
DB00332	1128	1129	1131	
DB00333	1136	1137	1139	1141	2902	2903	2904	2905	2906	3359	4985	4988	116443	116444	
DB00334	147	148	153	154	155	1128	1129	1131	1132	1812	1813	1814	1815	1816	2554	2555	2556	2558	2565	2566	2567	3269	3350	3351	3352	3354	3355	3356	3358	3359	3362	
DB00335	153	154	
DB00337	2280	2475	5530	
DB00338	196	495	496	
DB00340	1128	1129	1131	1132	1133	
DB00341	3269	
DB00342	1128	1129	1131	1132	1133	3269	3757	
DB00343	775	781	786	
DB00344	6530	6532	
DB00346	146	147	148	3757	
DB00347	8913	
DB00348	3242	
DB00349	2554	2555	2556	2557	2558	2559	2560	2561	2562	2563	2564	2565	2566	2567	55879	
DB00350	3758	5742	5972	
DB00351	2908	5241	
DB00353	1812	3357	
DB00354	1128	3269	
DB00356	3778	
DB00357	1583	1588	
DB00358	135	
DB00360	4846	5053	7054	7166	
DB00361	203068	
DB00363	147	148	150	151	152	1128	1129	1131	1132	1133	1812	1813	1814	1815	2950	3269	3350	3351	3352	3354	3356	3358	3359	3362	3363	50632	59340	
DB00364	1950	2243	2244	2247	2266	
DB00366	1128	1129	1131	1132	1133	3269	9970	
DB00367	367	2099	2908	5241	6462	6715	
DB00368	146	147	148	150	151	152	153	154	155	5053	6570	6571	
DB00370	146	147	148	150	3269	3356	3358	4986	
DB00371	2554	2555	2556	2557	2558	2559	2560	2561	2562	2563	2564	2565	2566	2567	5581	55879	64146	
DB00372	1813	
DB00373	153	154	
DB00374	5467	5739	64805	
DB00376	155	1128	1129	1131	1132	1133	
DB00377	3359	
DB00378	5241	
DB00379	196	6331	
DB00380	7153	7155	
DB00381	759	774	775	781	782	6609	8911	55799	
DB00382	43	590	1066	
DB00383	1128	1129	1131	1133	
DB00384	6337	6338	6339	6340	
DB00385	7153	7155	
DB00387	1128	1129	1131	1132	1133	
DB00388	146	147	148	1813	
DB00389	7173	
DB00390	476	477	478	481	482	483	353189	
DB00391	760	761	1813	1814	
DB00392	1128	1129	116443	
DB00393	196	775	776	778	779	782	783	784	785	4306	
DB00394	2908	
DB00395	2554	2556	2558	2561	2566	
DB00396	367	1586	2099	2100	2908	4306	4986	5004	5241	6462	
DB00397	150	151	152	153	154	1812	
DB00398	673	1956	2260	2321	2322	2324	3791	3815	5159	5894	5979	
DB00399	2224	9453	
DB00400	3859	
DB00401	775	776	779	781	783	
DB00402	706	2554	2555	2556	2557	2558	2559	2560	2561	2562	2563	2564	2565	2566	2567	55879	
DB00403	886	887	
DB00404	706	2554	2555	2556	2557	2558	2559	2560	2561	2562	2563	2564	2565	2566	2567	55879	
DB00405	3269	
DB00407	462	3053	
DB00408	147	148	150	151	152	153	1128	1129	1131	1132	1133	1812	1813	1814	1815	1816	3269	3274	3350	3351	3352	3354	3356	3358	3359	3361	3362	3363	6530	6531	6532	59340	
DB00409	1813	1814	1815	3356	10280	
DB00411	43	1128	1129	1131	1132	1135	
DB00412	2182	5465	5467	5468	6256	6257	6258	
DB00413	150	1813	1814	1815	3350	
DB00414	3758	6833	
DB00415	6564	6565	7010	
DB00416	1135	1137	1141	
DB00417	6564	
DB00418	1137	1139	2554	2555	2556	2557	2558	2559	2891	2898	2902	2903	2904	2905	2906	116443	116444	
DB00419	7357	
DB00420	148	1128	1133	1813	3269	3356	3358	
DB00421	367	773	774	775	776	777	778	779	781	782	783	784	785	786	1585	1586	2908	4306	5241	6462	6715	8856	8911	8912	8913	9254	10368	10369	27091	27092	55799	59285	79644	
DB00422	3350	6530	6531	
DB00423	759	
DB00424	1128	1129	1131	1132	1133	
DB00425	2554	2555	2556	2566	2567	
DB00427	3269	
DB00428	6514	10724	
DB00429	5731	5737	
DB00431	2099	2560	2562	2569	2742	2743	5241	8001	8856	
DB00432	7298	
DB00433	146	147	148	150	151	152	1813	3269	
DB00434	1128	1129	1131	3269	3356	3358	3363	
DB00435	2977	2982	2983	3620	4489	
DB00436	759	760	762	3778	6557	6559	
DB00437	7498	
DB00439	3156	
DB00440	1719	
DB00441	6240	6241	7298	51727	
DB00443	2908	
DB00444	7153	7155	
DB00445	7153	7155	
DB00446	1604	
DB00448	495	4137	
DB00449	43	148	150	153	154	590	
DB00450	148	1813	
DB00451	3685	3690	7067	7068	
DB00452	7852	
DB00454	1066	1128	1129	1131	1132	1133	2902	2903	2904	2905	2906	4986	4988	6530	6531	6532	
DB00455	3269	3757	
DB00457	146	147	148	150	151	3757	
DB00458	146	147	148	1128	1129	1131	1132	1133	1812	1813	1816	3269	3350	3356	3358	3362	3363	3751	3752	3756	3757	5005	6530	6531	6532	
DB00459	5914	5915	5916	5947	6256	6257	6258	6774	
DB00461	5742	5743	
DB00462	1128	1129	1131	
DB00463	2567	
DB00464	5624	5627	
DB00465	5742	5743	
DB00466	2554	
DB00467	7153	7155	
DB00468	2815	3783	64326	
DB00469	5742	5743	
DB00470	1268	1269	
DB00471	240	10800	
DB00472	1135	1136	1143	1163	3358	3757	6532	
DB00473	6331	6336	
DB00474	2554	
DB00475	706	2554	2555	2556	2557	2558	2559	2560	2561	2562	2563	2564	2565	2566	2567	55879	
DB00476	6530	6531	6532	
DB00477	146	147	148	150	151	152	801	1128	1131	1812	1813	1814	1815	1816	3269	3350	3356	3357	3358	3362	3363	3757	5004	5005	6609	59340	
DB00480	1003	5743	7124	8600	51185	
DB00481	2099	2100	5272	7031	
DB00482	760	761	5170	5743	
DB00483	43	1128	1129	1133	1135	
DB00484	150	151	152	
DB00486	1268	1269	
DB00487	7153	7155	
DB00489	153	154	3757	
DB00490	146	147	148	1813	1814	1815	3350	
DB00491	2548	2595	8972	23193	
DB00492	1636	
DB00493	213	6564	6565	9356	9376	10864	55867	
DB00494	1312	
DB00495	2322	7015	
DB00496	1128	1129	1131	1132	1133	
DB00497	4985	4986	4988	
DB00498	79001	
DB00499	196	367	8856	
DB00500	5742	5743	
DB00501	3274	
DB00502	148	150	151	152	1131	1812	1813	1814	2847	2904	3269	3350	3356	3358	3362	3363	6571	10280	
DB00503	8856	
DB00504	1135	4988	
DB00505	1133	
DB00508	1128	1129	1812	1813	3357	
DB00509	7067	7068	7173	
DB00511	476	
DB00513	5327	5340	
DB00514	1135	1136	1137	1139	1141	1143	1535	1536	4688	4689	4985	4986	4988	5879	5880	6530	6532	10280	10857	116443	653361	
DB00515	2	475	4350	7018	
DB00517	1128	1129	1131	1133	
DB00518	7846	10383	
DB00519	1636	
DB00521	153	154	
DB00523	3486	5673	5914	5915	5916	6256	6257	6258	
DB00524	6559	
DB00525	6713	
DB00527	801	6331	6336	
DB00528	781	786	
DB00530	1956	8856	
DB00531	8856	
DB00532	6331	8856	
DB00533	2006	5743	
DB00534	6557	7915	
DB00535	4353	
DB00536	217	1742	2593	6035	
DB00537	3757	7153	
DB00539	2099	6462	
DB00540	146	147	148	150	151	152	153	154	155	1128	1129	1131	1132	1133	1813	3269	3350	3356	3358	6530	6532	10280	10857	
DB00541	7277	203068	
DB00542	1636	
DB00543	146	147	148	150	151	152	1128	1129	1131	1132	1133	1812	1813	1814	1815	2554	2555	2556	2557	2558	2559	2560	2561	2562	2563	2564	2565	2566	2567	3269	3350	3351	3356	3357	3358	3359	3362	3363	6530	6531	6532	55879	59340	
DB00544	1806	7015	7298	
DB00545	43	213	590	
DB00546	706	
DB00547	2101	2103	2104	2908	
DB00548	6715	6718	7299	79644	
DB00549	10800	
DB00550	7173	
DB00551	4321	
DB00552	100	
DB00553	1548	
DB00554	5742	5743	
DB00555	134	135	148	150	153	777	1134	1812	1813	1816	2554	2555	2556	2557	2558	2559	2560	2561	2562	2563	2564	2565	2566	2567	2890	3269	3356	3359	4986	6323	6326	6328	6329	6331	6334	6335	6336	11280	55879	
DB00557	3269	3757	
DB00558	4759	
DB00559	1909	1910	
DB00561	3777	51305	
DB00562	759	760	761	762	763	765	768	771	6559	11238	23632	
DB00563	471	1719	6573	7298	113235	
DB00564	1137	6323	6326	6328	6329	6331	6334	6335	6336	8856	11280	
DB00565	1135	
DB00568	775	776	778	779	1128	1129	1131	1132	1133	1812	1813	1816	3269	8911	8912	8913	
DB00569	462	2159	
DB00570	3725	7280	7283	7846	51174	51175	203068	
DB00571	153	154	155	3350	3351	
DB00572	1128	1129	1131	1132	1133	1137	1141	
DB00573	5465	5468	5742	5743	
DB00574	3356	3357	3358	6532	
DB00575	146	147	148	150	151	152	8639	
DB00579	6530	6531	6532	6571	
DB00580	760	761	5743	
DB00583	788	1066	1374	1376	1384	4353	6583	6584	7498	54677	123096	
DB00584	1636	
DB00585	3274	
DB00586	5742	5743	
DB00587	10800	
DB00588	2908	4306	5241	5321	
DB00589	150	151	152	1812	1813	1814	1815	1816	3350	3351	3352	3356	3357	3358	3363	
DB00590	146	147	148	3757	90134	
DB00591	301	302	306	307	308	2908	
DB00592	2562	
DB00593	8913	
DB00594	26	40	41	5328	6337	6338	6339	6340	6548	
DB00596	2908	
DB00598	146	147	148	153	154	
DB00599	1131	1137	1139	2166	2554	2555	2556	2557	2558	2559	2891	2898	
DB00600	7299	
DB00602	2562	8001	
DB00603	2099	2554	2555	2556	2557	2558	2559	2560	2561	2562	2563	2564	2565	2566	2567	5241	5243	55879	
DB00604	3356	3359	3360	3757	
DB00605	231	5467	5595	5742	5743	11251	57016	
DB00606	486	759	760	761	762	763	765	768	6424	11238	23632	
DB00608	2532	2939	2944	3146	7124	54106	59272	
DB00610	148	1813	
DB00611	4985	4986	4988	
DB00612	153	154	
DB00613	3176	
DB00615	3320	7184	
DB00617	8911	8913	
DB00618	554	
DB00619	25	613	780	1436	3815	4170	4914	5156	5159	
DB00620	2908	
DB00621	367	
DB00622	146	147	148	775	776	781	783	801	1128	1129	1131	1132	1133	5136	5153	
DB00623	367	801	1812	1813	3351	3356	3358	
DB00624	367	2099	4306	
DB00626	2	3416	
DB00627	4837	23475	
DB00628	2554	2555	2556	2557	2558	2559	2560	2561	2562	2563	2564	2565	2566	2567	55879	
DB00629	150	151	
DB00630	523	2224	5775	5791	5802	
DB00631	5422	6240	6241	50484	
DB00633	150	
DB00635	2908	
DB00636	4023	5465	
DB00637	3269	3756	3757	4137	
DB00638	3630	
DB00640	134	135	136	140	
DB00641	3066	3156	3683	
DB00642	471	1719	2618	7298	
DB00643	7846	10383	
DB00644	2798	
DB00645	6331	6336	
DB00647	1066	4985	4986	4988	
DB00648	367	1584	2099	2230	5241	
DB00650	1719	
DB00651	134	135	5141	5142	5143	5144	
DB00652	4986	4988	10280	
DB00653	773	775	776	778	779	782	783	784	785	
DB00654	5737	
DB00655	367	1588	2099	2100	6462	
DB00656	148	150	3269	3350	3356	3358	6532	
DB00657	1135	1137	1139	1141	
DB00659	2554	2555	2556	2557	2558	2559	2560	2561	2562	2563	2564	2565	2566	2567	2902	2903	2904	2905	2906	2915	55879	116443	116444	
DB00661	146	147	148	773	774	775	3757	3767	6532	8912	8913	
DB00663	2101	2103	2104	2908	
DB00665	367	
DB00666	2798	
DB00668	146	147	148	150	151	153	154	7124	
DB00669	3350	3351	3352	3355	
DB00670	1128	
DB00672	3766	6833	
DB00673	6869	
DB00674	43	590	1139	
DB00675	367	2099	2100	2104	3757	5578	5579	5580	5581	5582	5584	5588	5590	5599	6462	8856	10682	
DB00676	3991	
DB00677	43	590	7018	
DB00678	185	
DB00679	147	148	1812	1813	3356	3757	
DB00680	6331	
DB00682	8856	79001	
DB00683	706	2554	2555	2556	2557	2558	2559	2560	2561	2562	2563	2564	2565	2566	2567	55879	
DB00685	7153	
DB00686	2246	2247	2249	
DB00687	367	2908	4306	
DB00688	3614	3615	5732	5805	
DB00690	706	2554	2555	2556	2557	2558	2559	2560	2561	2562	2563	2564	2565	2566	2567	55879	
DB00691	1636	
DB00692	146	147	148	150	1813	
DB00693	4088	9376	
DB00694	7153	7155	
DB00695	760	2859	6557	
DB00696	146	147	148	150	152	1812	1813	1816	3350	3351	3352	3355	3356	3357	3358	
DB00697	146	147	148	150	151	152	11188	
DB00699	148	
DB00700	4306	
DB00703	759	760	761	762	
DB00704	4985	4986	4988	
DB00706	146	147	148	
DB00707	2209	3949	
DB00708	4985	4986	4988	
DB00710	2224	9453	
DB00711	240	5742	
DB00712	5742	5743	
DB00713	6564	6565	
DB00714	150	151	152	1812	1813	1814	1815	1816	3350	3351	3352	3356	3357	3358	
DB00715	146	147	148	150	151	152	153	154	155	1128	1129	1131	1132	1133	1812	1813	1816	3269	3350	3351	3352	3354	3355	3356	3357	3358	3359	3360	3362	3363	6530	6532	9177	170572	200909	285242	
DB00716	2357	3320	5729	10800	57105	
DB00717	367	2908	5241	
DB00719	3269	
DB00720	291	292	293	
DB00721	1135	1786	1788	3359	3778	3779	3780	3781	3782	3783	4128	4129	5321	6336	6531	10242	116443	374569	
DB00722	1636	5972	
DB00723	146	147	148	
DB00724	51284	51311	
DB00725	1128	1129	1131	1132	1133	
DB00726	147	148	150	151	153	154	155	1128	1129	1131	1132	1133	1812	1813	1816	3269	3350	3352	3356	3358	3359	6530	6531	6532	
DB00727	1956	2982	2983	4881	
DB00728	1129	1135	3359	
DB00731	5468	6833	
DB00732	1135	
DB00733	43	590	
DB00734	147	148	151	152	1812	1813	3269	3350	3352	3356	3358	3363	
DB00735	6713	
DB00736	495	496	23576	
DB00737	3269	9970	
DB00738	1787	7177	
DB00740	6331	11280	23657	
DB00741	301	2908	
DB00743	213	
DB00744	240	
DB00745	147	6531	
DB00746	351	
DB00747	1128	1129	1131	1132	1133	1137	1141	6476	
DB00748	3269	
DB00749	5742	5743	6256	
DB00750	6331	
DB00751	148	150	3269	3274	3356	3363	
DB00752	4128	4129	
DB00753	513	801	1137	1141	2554	2555	2556	2557	2558	2559	2560	2561	2562	2563	2564	2565	2566	2567	2890	3736	27032	55879	
DB00754	6331	8856	
DB00755	216	1592	3933	5166	5914	5915	5916	5950	6256	6257	6258	8854	9052	27306	29991	56603	
DB00756	2099	2746	6392	
DB00757	3359	
DB00758	64805	
DB00759	5621	23569	
DB00761	6557	6558	6560	9990	10723	57468	
DB00762	7150	116447	
DB00763	7173	
DB00764	2908	
DB00765	7054	
DB00768	3269	3274	6271	6273	6283	6284	6285	11255	
DB00769	2908	
DB00770	5731	5732	6915	11251	
DB00771	1128	
DB00772	43	590	
DB00773	7153	7155	
DB00774	476	759	760	762	768	771	3778	6557	
DB00775	3674	3690	
DB00776	6323	6324	6326	6327	6328	6329	6330	6331	6334	6335	6336	11280	55800	
DB00777	148	1128	1129	1131	1132	1133	1813	3269	3356	3358	
DB00778	5243	
DB00779	7153	7155	
DB00780	18	2875	4128	4129	8639	84706	
DB00782	1128	
DB00783	1137	2099	2100	4508	8678	8856	
DB00784	5742	5743	
DB00785	153	154	155	1129	
DB00788	5742	5743	
DB00789	5226	
DB00790	1636	6424	
DB00792	3269	
DB00794	1137	1139	2554	2555	2556	2557	2558	2559	2560	2561	2562	2563	2564	2565	2566	2567	2891	2898	55879	
DB00795	38	240	1147	3551	4790	4791	5319	5468	5742	5743	5966	5970	5971	6916	9429	23657	
DB00796	185	
DB00797	148	150	151	152	1813	3269	3274	
DB00798	1719	4036	
DB00799	5914	5915	5916	6257	
DB00800	146	147	148	150	151	152	1812	1816	
DB00801	706	2554	2555	2556	2557	2558	2559	2560	2561	2562	2563	2564	2565	2566	2567	55879	
DB00802	4988	
DB00804	1128	1129	
DB00805	43	1128	1812	1813	3356	3357	3358	4128	6532	
DB00806	134	135	4907	7124	
DB00807	6336	
DB00808	3784	6559	
DB00809	1128	1129	1131	1132	
DB00810	1128	
DB00811	3614	3615	
DB00812	5740	5742	5743	
DB00813	4985	4986	4988	5243	
DB00814	5742	5743	
DB00815	213	
DB00816	154	
DB00817	7153	7155	
DB00818	2554	2555	2556	2557	2558	2559	2560	2561	2562	2563	2564	2565	2566	2567	6326	6329	55879	
DB00819	358	759	760	761	762	771	23632	
DB00820	8654	
DB00821	5742	5743	
DB00822	217	224	1621	
DB00823	2099	5241	
DB00824	134	135	136	140	5141	5142	
DB00825	773	775	776	778	779	782	783	784	785	4986	8989	79054	162514	
DB00827	7153	7155	
DB00829	706	2554	2555	2556	2557	2558	2559	2560	2561	2562	2563	2564	2565	2566	2567	55879	
DB00830	6530	6531	
DB00831	148	801	1813	6275	7134	50632	
DB00834	354	2908	5241	8856	
DB00835	1128	1129	1131	1132	1133	3269	
DB00836	773	801	4985	4986	4988	5443	9970	
DB00837	2550	9568	
DB00838	2908	5319	
DB00839	3766	3767	6833	
DB00841	146	147	148	153	154	2099	
DB00842	706	2554	2555	2556	2557	2558	2559	2560	2561	2562	2563	2564	2565	2566	2567	55879	
DB00843	43	590	2902	2903	2904	2905	2906	3356	3553	4790	4791	4842	7130	116443	116444	
DB00844	4985	4986	4988	
DB00845	3738	5468	
DB00846	2101	2103	2104	2908	
DB00847	4887	6750	
DB00848	249	251	1136	
DB00849	1137	1139	2554	2555	2556	2557	2558	2559	2891	2898	8856	
DB00850	801	1812	1813	
DB00851	5226	23649	
DB00852	148	150	153	154	466	467	468	1386	1813	2353	3558	3725	4772	4790	6530	6531	6532	7124	11016	22809	22926	122953	
DB00854	4985	4986	4988	
DB00855	210	5498	
DB00857	6713	
DB00860	2908	
DB00861	5742	5743	
DB00862	5148	5149	8654	
DB00863	43	3274	
DB00864	2280	5530	
DB00865	148	150	6531	6571	
DB00867	154	
DB00868	6331	
DB00869	759	760	761	762	
DB00870	5742	5743	
DB00871	153	154	155	
DB00872	552	554	
DB00874	2902	2903	2904	2905	2906	116443	116444	
DB00875	148	1128	1812	1813	3356	
DB00876	185	
DB00877	2247	2280	2475	
DB00880	759	760	6559	
DB00881	1636	
DB00882	2099	6462	
DB00883	4881	
DB00884	2224	
DB00885	3269	
DB00887	1080	6557	6558	6560	57468	
DB00889	3359	
DB00890	2099	6462	
DB00892	6336	
DB00893	2495	2512	3039	3043	
DB00894	1588	
DB00895	2205	2207	
DB00896	2101	2908	
DB00897	706	2554	2555	2556	2557	2558	2559	2560	2561	2562	2563	2564	2565	2566	2567	55879	
DB00898	775	776	779	782	786	1135	1136	1137	1138	1139	1141	1142	1143	2030	2554	2555	2556	2557	2558	2559	2560	2561	2562	2563	2564	2565	2567	2742	2890	2891	2892	2893	3177	3359	3760	3762	3763	3765	3897	7412	8973	9177	10369	55584	55879	116443	170572	200909	285242	
DB00899	4985	4986	4988	
DB00900	4860	
DB00901	155	
DB00902	3269	
DB00903	476	2950	6557	51176	
DB00904	3350	3351	3359	3360	4988	
DB00905	5731	5733	5737	
DB00906	6529	
DB00907	1066	1128	1129	6323	6324	6326	6327	6328	6329	6330	6331	6334	6335	6336	6530	6531	6532	10280	11280	55800	
DB00908	146	147	148	3757	3775	6331	
DB00909	759	760	761	762	763	765	767	768	770	771	4128	4129	6323	6324	6326	6327	6328	6329	6330	6331	6335	8911	8912	8913	11238	11280	23632	55800	56934	
DB00910	7421	
DB00912	5468	6833	10060	
DB00913	4988	
DB00914	3764	5562	
DB00915	1136	1137	1139	1813	116443	
DB00917	5731	5732	5733	5734	5737	11251	
DB00918	3351	3352	
DB00920	3269	5226	
DB00921	4985	4986	4987	4988	
DB00922	3764	3767	5139	7134	
DB00924	316	3356	3357	3358	3362	3363	6530	6532	7099	
DB00925	146	147	148	150	151	152	154	801	1813	
DB00927	3274	
DB00928	1786	
DB00929	5731	5732	5733	5734	5739	
DB00933	1813	3356	
DB00934	146	147	148	150	151	152	1128	1129	1131	1132	1133	1813	3269	3356	3358	3363	6530	
DB00935	146	147	148	150	151	152	
DB00936	1645	5742	5743	
DB00937	6530	6531	
DB00938	153	154	155	
DB00939	240	3785	3786	5742	5743	
DB00940	1128	1129	1131	1132	1133	3274	
DB00941	590	
DB00942	1128	
DB00944	43	590	
DB00945	595	834	836	1645	1909	3309	3551	4609	4792	5111	5562	5563	5564	5565	5571	5594	5595	5596	5597	5598	5742	5743	6197	7130	7157	51422	53632	225689	
DB00946	79001	
DB00947	2099	
DB00949	2903	2904	
DB00950	3269	
DB00951	1544	1557	1558	1576	
DB00952	3350	3351	3352	3355	
DB00953	3351	3352	3355	
DB00956	4985	4988	10280	
DB00957	367	2099	5241	
DB00959	301	2908	
DB00960	153	154	155	3350	3351	
DB00961	6336	
DB00962	2554	
DB00963	5742	5743	
DB00964	148	150	151	
DB00966	185	5468	
DB00967	3269	
DB00968	150	1644	1813	
DB00969	3359	
DB00970	7153	7155	
DB00972	3269	3274	4056	5319	
DB00973	290	6646	29881	
DB00975	100	1827	5004	5141	8654	10846	
DB00977	2099	8856	
DB00978	7153	7155	
DB00979	1128	1133	
DB00980	4543	4544	
DB00981	43	1137	1141	
DB00982	5914	5916	
DB00983	153	154	155	
DB00984	367	
DB00985	3269	
DB00986	1128	1129	1131	
DB00987	5423	
DB00988	1621	1812	1813	1814	1815	1816	3350	3359	3363	6530	6531	6532	6571	6647	9177	
DB00989	43	590	
DB00990	1588	
DB00991	5742	5743	
DB00992	2235	
DB00993	5471	5879	
DB00994	846	
DB00995	2101	2103	2104	3551	25824	
DB00996	134	774	781	2550	3786	9254	9568	56479	
DB00997	7015	7153	7155	9221	
DB00998	3351	3352	
DB00999	1636	3778	6559	
DB01001	153	154	155	
DB01002	6336	
DB01003	6286	
DB01005	6240	6241	
DB01006	1588	
DB01007	1595	
DB01009	3577	5742	5743	
DB01010	43	590	
DB01011	1584	
DB01012	846	
DB01013	301	2908	4306	
DB01014	240	5468	5742	5743	
DB01016	19	1080	1374	3764	3767	6833	8647	10060	54795	
DB01017	240	834	836	1432	3553	4318	4843	5594	5595	5596	5597	5598	5599	5600	5601	5602	5603	6300	7422	54205	225689	
DB01018	150	151	
DB01019	1128	1129	1131	1132	1133	
DB01020	2977	
DB01021	476	759	760	762	6557	6559	
DB01022	632	2677	
DB01023	775	776	779	781	783	801	4306	5136	5153	7125	7134	8912	9254	
DB01024	3614	3615	
DB01025	2246	3320	3562	6283	6284	
DB01026	367	1586	1589	3757	8856	9970	
DB01028	2554	2555	2556	2557	2558	2559	2560	2561	2562	2563	2564	2565	2566	2567	2890	3736	4535	27032	55879	
DB01029	185	3725	
DB01030	7150	116447	
DB01031	759	760	
DB01032	9356	9376	24145	55867	
DB01033	3251	3614	3615	5471	
DB01034	2194	
DB01035	1786	3757	6331	64326	
DB01036	1128	1129	1131	1132	1133	
DB01037	4128	4129	6869	
DB01038	1813	
DB01039	5465	8856	64386	
DB01041	2263	4790	5004	5005	5743	7124	51185	
DB01043	1813	2554	2555	2556	2557	2558	2559	2560	2561	2562	2563	2564	2565	2566	2567	2742	2743	2902	2903	2904	2905	2906	3359	8001	55879	116443	116444	
DB01045	8856	
DB01046	1181	
DB01047	2101	2103	2104	2908	6608	
DB01048	3106	
DB01049	146	147	148	150	151	152	153	154	155	1812	1813	1814	1815	1816	3350	3351	3352	3354	3355	3356	3357	3358	3359	3360	3362	3363	9177	170572	200909	285242	
DB01050	596	1080	2169	2811	3576	3577	3579	5465	5468	5742	5743	6278	7056	
DB01051	7153	7155	
DB01053	6564	6565	9376	
DB01054	775	776	779	781	783	8912	9254	
DB01056	6331	64326	
DB01057	43	590	
DB01058	27306	
DB01059	7153	
DB01062	1128	1129	1131	
DB01063	367	1813	
DB01064	153	154	155	5295	5296	5594	6647	8503	
DB01065	801	811	2099	4353	4543	4544	4835	8288	
DB01067	3766	5468	6833	
DB01068	2554	2555	2556	2557	2558	2559	2560	2561	2562	2563	2564	2565	2566	2567	8856	55879	
DB01069	146	147	148	150	151	152	801	1128	1129	1131	1132	1133	1813	2846	3269	3274	3736	3737	3738	3739	3741	3742	3744	3745	3746	3747	3748	3749	3750	3751	3752	3753	3754	3755	3756	3757	3784	3785	3786	3790	5023	5024	5025	5026	5027	5028	5029	5030	5032	6323	6326	6328	6329	6331	6334	6335	6336	7881	8514	9127	9132	9312	9934	9992	10008	10161	11280	22953	23416	23630	23704	26251	27012	27133	56479	64805	90134	93107	131096	169522	170850	286530	
DB01070	7421	
DB01071	3269	
DB01073	100	1633	5422	6240	
DB01074	1374	1375	1376	3757	
DB01075	1129	3176	3269	
DB01076	196	1803	3066	3156	9970	
DB01077	291	292	293	523	5802	
DB01078	476	
DB01079	3356	3357	3358	3360	
DB01080	18	
DB01081	4985	4988	
DB01082	23569	
DB01083	1268	2194	5406	8513	
DB01084	3269	
DB01085	1128	1129	1131	1132	1133	
DB01086	6336	
DB01087	3855	4835	
DB01088	5141	5142	5143	5144	5327	5731	5732	5739	11251	
DB01089	1636	6571	
DB01090	1136	1137	1143	
DB01091	6713	
DB01092	476	477	478	
DB01094	8694	
DB01095	3066	3156	
DB01097	196	1723	2185	
DB01098	3156	3683	
DB01099	1786	
DB01100	801	1813	1814	3757	
DB01101	7298	
DB01102	153	154	155	
DB01104	6530	6531	6532	10280	10857	
DB01105	6530	6531	6532	
DB01106	3269	23620	
DB01107	2554	2555	2556	2557	2558	2559	2560	2561	2562	2563	2564	2565	2566	2567	55879	
DB01108	2099	2100	3283	3284	
DB01109	462	2159	2246	2247	2249	2260	2263	2264	3082	5196	6403	9965	
DB01110	775	776	778	779	782	783	784	785	3736	3737	3738	3739	3741	3742	3744	3745	3746	3747	3748	3749	3750	3751	3752	3753	3754	3755	3756	3757	3759	3761	3768	3778	3779	3780	3781	3782	3783	3784	3785	3786	3790	4843	4846	7881	8514	8856	9132	9312	9992	10008	10242	23416	23630	23704	26251	27012	27133	56479	90134	93107	131096	169522	170850	
DB01113	5142	5144	8654	10846	
DB01114	3269	6530	6531	6532	
DB01115	775	776	779	783	801	3752	8856	8911	8912	8913	
DB01116	1137	
DB01117	1723	
DB01118	153	154	155	775	776	778	779	782	783	784	785	3757	5465	5468	7067	7068	8911	90134	133522	
DB01119	476	759	760	3767	3778	
DB01120	6833	7422	
DB01121	6323	
DB01122	43	
DB01123	2147	
DB01124	3758	6833	10060	
DB01125	2147	2677	
DB01126	6715	79644	
DB01127	8856	
DB01128	367	
DB01129	495	
DB01130	2101	2103	2104	2908	
DB01131	1719	64146	
DB01132	4129	5468	
DB01133	523	525	526	527	528	529	533	534	535	537	5777	5782	5791	8992	9114	9296	9550	10312	23545	50617	51382	51606	90423	127124	155066	245972	245973	
DB01134	4306	
DB01135	1129	1135	
DB01136	146	147	148	150	151	152	153	154	2697	3091	3757	3759	3761	4718	4879	6401	7412	7422	
DB01138	1244	4363	8856	116085	
DB01142	146	147	148	1128	1129	1131	1132	1133	3269	3274	3350	3356	3357	3358	3362	3757	6530	6532	59340	
DB01143	251	
DB01144	759	760	761	762	
DB01146	3269	6531	
DB01148	1128	1129	1133	
DB01149	147	148	150	3350	3356	3358	3757	6530	6531	6532	
DB01151	146	147	148	150	151	152	153	154	1128	1129	1131	1132	1133	1813	3269	3350	3356	3358	6530	6532	6609	
DB01154	2554	2567	3764	3767	
DB01156	1136	3359	6530	6531	6532	
DB01157	1719	64146	
DB01158	153	476	
DB01159	490	491	492	493	2554	2555	2556	2557	2558	2559	2560	2561	2562	2563	2564	2565	2566	2567	2903	3760	3763	3777	3778	3783	4535	6010	51305	54331	55879	116443	116444	387129	
DB01160	5737	5739	
DB01161	476	6336	6531	
DB01162	146	147	148	3757	7040	90134	
DB01164	6284	
DB01165	7153	
DB01166	5139	
DB01167	1595	
DB01168	4128	4129	
DB01169	207	595	1026	3065	3551	3725	5371	5594	5595	7296	
DB01170	6530	
DB01171	4128	4129	
DB01173	2902	2906	3269	6336	6530	116443	116444	
DB01174	1137	1139	2554	2891	2898	2902	2903	2904	2905	2906	8856	116443	116444	
DB01175	146	147	148	150	151	152	1128	1813	3269	3350	3356	3358	6530	6531	6532	
DB01176	3269	6783	
DB01177	7153	7155	
DB01178	706	
DB01179	7153	7155	7277	203068	
DB01180	1636	
DB01181	8856	
DB01182	153	154	3757	6331	64326	
DB01183	1066	1385	2099	4985	4986	4988	7099	
DB01184	1813	1814	
DB01185	367	2099	2908	3291	
DB01186	146	147	148	150	151	152	1812	1813	1814	1815	1816	3350	3351	3352	3356	3357	3358	
DB01188	476	
DB01189	487	488	490	491	492	493	513	2554	2555	2556	2557	2558	2559	2560	2561	2562	2563	2564	2565	2566	2567	2890	3736	4535	9914	27032	55879	
DB01191	3358	6532	
DB01192	4985	4988	
DB01193	153	154	
DB01194	759	760	761	762	763	
DB01195	3757	6262	6329	6331	11280	64326	
DB01196	2099	2100	4130	4133	
DB01197	623	1636	4048	4313	4318	
DB01198	706	2554	2555	2556	2558	
DB01199	43	1135	1139	3359	
DB01200	146	147	148	150	151	152	1812	1813	1814	1815	1816	3350	3351	3352	3356	3357	3358	3363	
DB01202	774	3359	9900	
DB01203	153	154	
DB01204	7153	7155	
DB01205	706	2554	2555	2556	2557	2558	2559	2560	2561	2562	2563	2564	2565	2566	2567	55879	
DB01206	81551	
DB01207	6915	
DB01208	7153	
DB01209	4986	4988	
DB01210	153	154	
DB01211	3757	10599	
DB01212	6564	9356	9376	55867	
DB01213	124	125	126	847	
DB01214	153	154	
DB01215	706	2554	2555	2556	2557	2558	2559	2560	2561	2562	2563	2564	2565	2566	2567	55879	
DB01216	6715	6718	79644	
DB01217	1588	
DB01218	801	3757	
DB01219	6261	
DB01220	8856	
DB01221	590	1128	1129	1131	1132	1133	1813	3350	3351	3352	3354	3355	3356	3357	3358	3359	4842	4985	4986	4988	6530	6869	116443	
DB01222	301	2908	
DB01223	134	140	3066	5139	
DB01224	146	147	148	150	151	152	1128	1129	1131	1132	1133	1812	1813	1814	1815	1816	3269	3350	3351	3352	3354	3356	3358	3359	3362	3363	
DB01225	462	2159	
DB01226	590	1129	1131	1135	
DB01227	1136	1143	4988	
DB01228	6331	
DB01229	596	4133	4134	4137	8856	81027	
DB01231	1128	1129	1131	1132	
DB01233	1128	1813	3359	3360	
DB01234	190	301	2908	4843	8856	
DB01235	1812	1813	1814	1815	1816	
DB01236	2554	2555	2556	2557	2558	2559	2560	2561	2562	2563	2564	2565	2566	2567	2890	4535	27032	55879	79714	
DB01237	3269	
DB01238	147	148	150	151	152	153	154	1128	1129	1131	1132	1133	1812	1813	1814	1815	1816	2902	2903	2904	2905	2906	3269	3274	3350	3351	3352	3354	3356	3357	3358	3359	3361	3362	3363	4985	4986	4988	6531	6532	11255	59340	116443	116444	
DB01239	1128	1129	1131	1132	1133	1812	1813	1814	3269	3350	3351	3352	3354	3355	3356	3357	3358	3359	3360	3362	3363	9177	170572	200909	285242	
DB01240	5739	5740	64805	
DB01241	4023	5465	9376	10599	11309	
DB01242	2950	3356	3357	3358	6530	6532	
DB01243	4986	
DB01244	476	773	801	3757	3784	5136	5153	7134	8912	9254	
DB01245	43	1134	1135	1137	1141	
DB01246	3269	
DB01247	4128	4129	
DB01248	596	4133	4134	4137	8856	81027	
DB01250	3458	7172	
DB01251	3764	3766	6833	
DB01252	3766	
DB01253	148	
DB01254	25	27	613	695	1432	1445	1969	2044	2050	2268	2444	2534	3312	3815	3932	4067	5159	5471	6714	6777	7525	8013	51776	
DB01255	134864	
DB01257	727	
DB01259	1956	2064	
DB01260	2101	2103	2104	2908	
DB01261	1803	
DB01262	1786	
DB01267	147	148	150	151	152	1812	1813	1814	1815	3269	3350	3352	3356	3358	3363	
DB01268	1436	2321	2322	2324	3791	3815	5156	5159	
DB01269	1956	
DB01270	7422	
DB01271	3423	10226	
DB01272	4074	
DB01273	1136	1137	1139	1141	8973	
DB01274	154	
DB01275	3091	5033	8639	
DB01276	2740	
DB01277	3480	3482	3486	3643	
DB01278	799	2740	10266	10267	10268	
DB01279	411	10226	
DB01280	5422	
DB01281	941	942	
DB01282	5021	
DB01283	5742	5743	
DB01284	4158	
DB01285	1392	4158	
DB01288	153	154	155	
DB01289	3766	
DB01291	153	154	
DB01295	1813	
DB01296	3458	3553	4318	4791	7124	
DB01297	153	
DB01303	134	135	3066	5139	5141	
DB01306	3480	3643	
DB01307	3480	3643	
DB01309	3480	3643	
DB01320	6331	
DB01324	6559	
DB01325	759	760	6557	6558	6559	
DB01327	3558	3600	5444	
DB01336	1129	1135	
DB01337	1129	1131	1135	
DB01338	1129	1131	1135	
DB01339	1135	
DB01340	1636	
DB01342	185	
DB01345	476	
DB01346	2554	2555	2891	3775	6331	
DB01347	185	
DB01348	1636	
DB01349	185	
DB01351	1137	1139	2554	2555	2556	2557	2558	2559	2891	2898	
DB01353	1137	1139	2554	2555	2556	2557	2558	2559	2891	2898	
DB01355	2554	
DB01357	2099	
DB01359	153	154	3350	3351	
DB01364	148	153	154	1813	6530	
DB01365	146	147	148	150	151	152	153	154	155	1813	
DB01366	154	
DB01367	596	4129	
DB01370	351	476	3816	7018	
DB01378	476	
DB01380	2101	2103	2104	2908	
DB01381	2554	2561	2566	5320	6530	
DB01382	3758	6833	
DB01384	866	
DB01390	3752	8912	
DB01392	150	151	152	1813	1814	3350	3351	3352	3356	3357	3358	3758	3764	3766	3767	3768	3772	
DB01393	5465	5467	5468	6256	6257	6258	8856	
DB01394	203068	
DB01395	367	2908	4306	5241	
DB01396	476	477	478	481	482	483	
DB01399	5742	5743	
DB01400	43	
DB01401	5742	5743	
DB01403	146	147	148	150	151	152	1128	1129	1131	1132	1133	1812	1813	1814	1815	1816	3269	3356	3358	
DB01404	196	3569	5743	
DB01406	367	2099	2798	5241	6347	
DB01407	153	154	155	4803	7124	
DB01408	154	
DB01409	1128	1129	1131	1132	1133	
DB01410	866	2908	
DB01411	10800	
DB01418	79001	
DB01419	5742	5743	
DB01420	367	
DB01426	6331	
DB01427	5139	5140	5141	5142	5143	5144	7124	
DB01428	367	2099	2100	5241	
DB01429	801	
DB01430	476	
DB01433	4988	
DB01435	5742	5743	
DB01436	6256	7421	
DB01437	1565	2554	2555	2556	2557	2558	2559	2560	2561	2562	2563	2564	2565	2566	2567	55879	
DB01438	6323	
DB01440	2560	79581	
DB01452	1066	4985	4986	4988	
DB01483	2554	
DB01493	367	
DB01544	706	2554	2555	2556	2557	2558	2559	2560	2561	2562	2563	2564	2565	2566	2567	55879	
DB01556	6532	
DB01558	2554	2555	2556	2557	2558	2559	2560	2561	2562	2563	2564	2565	2566	2567	55879	
DB01559	706	2554	2555	2556	2557	2558	2559	2560	2561	2562	2563	2564	2565	2566	2567	55879	
DB01567	706	
DB01576	146	147	148	150	151	152	6530	6531	6571	134864	
DB01577	150	151	152	4128	4129	6530	6531	6532	6570	6571	134864	
DB01579	147	148	6530	
DB01580	153	154	155	
DB01583	7067	7068	
DB01586	644	1646	9962	9971	
DB01587	2554	2555	2556	2557	2558	2559	2560	2561	2562	2563	2564	2565	2566	2567	55879	
DB01588	706	2554	2555	2556	2557	2558	2559	2560	2561	2562	2563	2564	2565	2566	2567	55879	
DB01589	706	2554	2555	2556	2557	2558	2559	2560	2561	2562	2563	2564	2565	2566	2567	55879	
DB01590	2475	
DB01591	1128	1129	1131	1132	1133	
DB01592	1356	2237	2395	2495	3039	5423	7018	7037	51327	54583	55869	79661	252969	
DB01593	1	2	12	142	183	197	226	325	333	334	335	336	337	348	351	443	623	629	713	714	715	716	718	722	725	727	731	732	733	866	1191	1356	1369	1370	1832	1915	2023	2099	2147	2161	2165	2243	2335	2923	2934	3039	3043	3053	3065	3075	3250	3426	3483	3512	3562	3630	3697	3698	3699	3700	3728	3818	3827	3848	3849	3852	3853	3857	3858	3861	3868	4193	4255	4318	4350	4489	4502	4504	4830	5005	5034	5052	5265	5267	5444	5723	6273	6278	6279	6280	6406	6414	6462	6647	7018	7157	7161	7167	7276	7284	7402	7448	8542	8547	9759	9973	10016	10572	26330	55869	79184	117159	388697	
DB01594	706	
DB01595	2554	2555	2556	2557	2558	2559	2560	2561	2562	2563	2564	2565	2566	2567	6323	55879	
DB01597	1800	
DB01599	19	1066	
DB01600	5742	5743	
DB01608	147	150	367	1812	
DB01611	51284	54106	59272	
DB01612	4881	
DB01613	4881	4882	
DB01615	3269	
DB01616	3350	
DB01618	1128	1813	3350	3356	
DB01619	3269	
DB01620	3269	9970	59340	
DB01621	1812	1813	3350	3356	
DB01623	1812	1813	3356	
DB01624	148	150	1812	1813	1816	3269	3356	
DB01625	1131	1132	
DB01626	4128	4129	
DB01628	5743	
DB01632	353	3251	54963	
DB01656	5141	5142	5143	5144	
DB01698	873	8644	
DB01708	367	2099	2100	2539	2554	2555	2556	2557	2558	2559	2560	2561	2562	2563	2564	2565	2566	2567	2902	2903	2904	2905	2906	5465	8856	9970	10280	55879	116443	116444	
DB01744	7442	8989	79054	162514	
DB01956	2550	2554	2555	2556	2557	2558	2559	2560	2561	2562	2563	2564	2565	2566	2567	2742	2904	8001	55879	
DB02266	367	5465	5468	5742	5743	8644	
DB02300	7421	
DB02530	2550	2628	9568	
DB02546	3065	3066	8841	10013	55869	
DB02638	552	553	554	
DB02659	126	1066	1327	1329	1339	1340	1345	1349	1350	1351	2104	2172	2235	4512	4513	4514	5319	9377	9971	
DB02701	142	683	3939	23408	
DB02745	1890	
DB02772	58	475	4069	51493	80834	
DB02789	6820	8856	
DB02893	10988	
DB02925	6557	
DB03017	128	733	2760	3172	4057	5320	5465	7099	7436	23643	26279	51228	
DB03085	2539	
DB03088	279	280	3060	6355	7032	7422	10863	
DB03128	43	1128	1129	1131	1132	1139	
DB03147	34	35	51	1610	1727	1728	1738	1806	2232	2639	2671	2936	3712	4128	4129	4704	4835	4842	5447	7296	7498	9131	27034	51706	56605	259307	
DB03175	4069	
DB03193	5465	26279	
DB03247	645	1723	1806	4842	5447	6446	8986	51179	54363	55163	55312	60490	
DB03255	213	
DB03310	2876	2877	2878	2879	2882	2936	2938	2939	2944	2946	2947	2948	2949	2950	2952	2953	4257	27306	493869	653689	
DB03312	7084	
DB03585	213	
DB03614	4548	
DB03615	5034	
DB03619	2950	9971	79631	
DB03754	262	351	
DB03756	5465	5468	6256	6257	6258	6720	
DB03766	10243	
DB03793	1610	6564	9367	
DB03796	1558	3174	3906	5047	5375	5465	5538	6010	27095	
DB03904	383	760	1499	
DB03929	2902	6317	
DB04106	7296	
DB04115	332	
DB04173	2272	
DB04209	331	1259	3778	
DB04216	54947	79888	
DB04224	5375	5465	5467	5468	6256	
DB04272	231	353	733	1431	3704	4191	6035	6037	6714	9146	11157	58190	59338	259307	
DB04339	2950	
DB04348	2172	9971	
DB04465	2720	3958	51228	
DB04540	6095	7421	9970	26253	
DB04552	5743	
DB04564	3938	
DB04573	2099	2100	6462	
DB04574	2099	2100	
DB04575	2099	
DB04576	7153	7155	
DB04599	1813	3356	
DB04630	4306	6557	
DB04657	6389	
DB04660	1133	
DB04703	774	9212	
DB04711	213	
DB04743	4057	5743	
DB04786	2492	10855	
DB04794	1555	
DB04817	5742	
DB04820	1312	4128	4129	
DB04821	4128	4129	4353	6530	6531	6532	6571	
DB04824	2099	6462	8856	9970	54600	
DB04825	801	85366	
DB04832	4128	4129	6532	
DB04834	1129	
DB04835	1234	
DB04837	3269	
DB04838	781	1066	
DB04839	354	367	
DB04840	6530	
DB04841	801	3269	8911	8912	8913	
DB04842	786	1813	3356	
DB04843	1128	1131	1133	
DB04844	1813	6571	
DB04845	10381	
DB04846	150	151	152	153	154	155	
DB04851	5243	
DB04854	7498	
DB04855	146	147	148	150	151	152	153	775	776	778	779	782	783	784	785	3741	3752	3757	3759	3760	3761	3768	3784	6331	6546	7067	
DB04861	153	154	155	
DB04864	43	
DB04865	6122	
DB04868	25	3815	
DB04871	3358	
DB04876	1803	
DB04878	8972	
DB04880	5139	
DB04890	3269	
DB04895	8829	
DB04896	2902	2903	2904	2905	2906	6530	6532	116443	116444	
DB04898	2147	
DB04899	4881	4882	4883	
DB04908	1815	3350	3356	
DB04920	775	776	778	779	
DB04930	2099	6323	8856	
DB04931	4157	
DB04932	134	135	136	
DB04938	2099	
DB04941	1080	55107	
DB04946	148	152	1812	1813	1814	1815	3269	3350	3356	3362	3363	
DB04947	6531	
DB04948	148	150	3350	3352	3358	3363	
DB04951	5045	7040	
DB04953	3785	3786	9132	56479	
DB04967	7153	7155	
DB05013	5578	5580	
DB05015	3065	3066	8841	9734	9759	10013	10014	51564	55869	79885	83933	
DB05018	2717	
DB05039	154	
DB05057	1990	
DB05084	5745	
DB05099	2243	
DB05100	4312	4313	4316	
DB05219	5141	5142	5143	5144	
DB05232	6331	
DB05239	5604	
DB05246	8913	
DB05254	2243	2244	
DB05259	3123	
DB05260	526	632	3553	6241	
DB05271	151	1812	1813	1814	1815	1816	3350	
DB05294	1956	3791	5753	5979	7010	7422	
DB05299	3558	
DB05311	3818	
DB05316	1813	3356	
DB05332	196	2260	2321	3791	3815	4352	5156	5159	5979	
DB05351	495	496	23576	
DB05381	3269	3274	6571	11255	59340	
DB05382	6528	
DB05389	9332	10296	
DB05428	25824	
DB05521	10599	11309	
DB05528	338	
DB05541	6323	6324	6326	6327	6328	6329	6330	6331	6334	6335	6336	9900	11280	55800	
DB05578	3791	
DB05630	7150	
DB05676	1019	1021	
DB05679	3592	3593	51561	64146	
DB05773	2064	
DB05777	2147	2153	
DB05812	1586	
DB05829	5745	5746	
DB05889	933	
DB05990	9971	
DB06016	1813	1814	3269	3350	3356	3357	
DB06043	5156	
DB06077	1812	1813	2904	3356	6532	
DB06081	7450	
DB06144	146	147	148	1813	3356	3358	3362	3757	
DB06148	146	147	148	150	151	152	1812	1813	1814	1816	3269	3350	3355	3356	3357	3358	3362	3363	4986	6530	6531	6532	59340	
DB06151	95	1147	2902	2903	2904	2906	2937	3551	23657	116443	
DB06152	3455	8911	
DB06153	146	147	148	150	151	152	1128	1129	1131	3269	3350	3351	3352	3356	3357	3358	
DB06154	3039	3043	
DB06155	1268	9290	
DB06168	3553	
DB06174	10280	
DB06176	3065	3066	4363	9759	10013	
DB06186	1493	
DB06196	290	624	
DB06201	2915	6335	
DB06202	1269	2099	2100	
DB06203	1803	
DB06204	3359	4985	4986	4988	6530	6532	
DB06205	7040	
DB06207	146	147	148	
DB06209	64805	
DB06210	4352	
DB06212	552	554	
DB06213	135	
DB06216	148	150	151	152	153	154	1812	1813	1814	1815	3269	3274	3350	3351	3356	3357	3358	3361	3362	3363	
DB06217	3741	3752	3757	6331	
DB06218	1808	6328	6335	6336	11280	
DB06219	5406	
DB06228	2159	
DB06230	4985	4986	4988	
DB06237	8654	
DB06243	4953	
DB06249	2099	2100	
DB06262	146	147	148	150	151	152	153	154	155	5053	
DB06264	11280	
DB06267	8654	
DB06268	1909	1910	
DB06271	462	3053	
DB06273	3570	3572	
DB06274	4985	4986	4988	
DB06282	3269	
DB06283	773	774	
DB06285	5741	5745	
DB06287	2475	
DB06288	1813	1814	3356	3363	
DB06292	6524	
DB06317	57823	
DB06335	1803	
DB06343	3480	
DB06366	2064	
DB06372	3552	3553	3557	
DB06401	2099	2100	
DB06403	1909	1910	
DB06404	715	716	2147	2160	2161	3818	5327	
DB06410	7421	
DB06412	367	4879	
DB06413	146	6531	
DB06439	4023	
DB06441	64805	
DB06480	3360	
DB06554	2563	
DB06589	2246	2261	2321	2324	3702	3791	3815	5156	5159	10019	
DB06594	3358	4543	4544	
DB06595	2322	3791	3815	5156	5159	5578	5582	
DB06602	3567	
DB06603	3065	3066	8841	9734	9759	10013	10014	51564	55869	79885	83933	
DB06605	2159	
DB06607	916	2209	2212	2214	2215	4072	
DB06612	3567	
DB06616	25	613	818	1017	3055	4067	5604	5605	6714	10746	
DB06626	2321	2324	3791	
DB06637	3736	3737	3738	3739	3741	3742	3744	3745	3746	3747	3748	3750	3751	3752	9312	
DB06643	8600	
DB06650	931	
DB06654	4129	
DB06655	2740	
DB06663	6751	6752	6753	6755	
DB06674	7124	
DB06681	940	941	942	
DB06684	3350	6532	
DB06688	55	
DB06689	2161	
DB06691	3269	
DB06692	1504	3816	5340	5644	
DB06694	146	147	148	150	151	152	
DB06695	2147	
DB06697	476	
DB06698	3269	11255	
DB06699	2798	
DB06700	6530	6531	6532	
DB06701	6530	6531	6532	
DB06702	1128	1129	1131	1132	1133	
DB06706	148	6571	
DB06707	150	151	152	
DB06708	476	
DB06709	1129	1131	1132	
DB06710	367	2099	
DB06711	148	150	1813	
DB06712	775	776	779	781	783	55799	
DB06713	213	367	5241	
DB06714	152	6571	134864	
DB06716	2561	2562	
DB06718	367	
DB06719	2798	3973	
DB06720	2629	
DB06725	5742	5743	
DB06729	1559	
DB06736	5742	5743	
DB06751	775	5141	
DB06752	5553	
DB06754	462	2159	
DB06756	596	
DB06757	383	3419	3421	7018	10454	
DB06763	185	186	
DB06764	148	
DB06766	3269	
DB06772	7277	81027	
DB06773	87	
DB06774	7442	11331	
DB06775	1373	
DB06777	1646	8856	9971	
DB06779	462	6403	7035	7422	
DB06780	4306	
DB06781	301	2908	
DB06782	351	
DB06785	2798	
DB06786	2101	2103	2104	6608	
DB06787	1128	1129	1131	1132	
DB06788	2798	
DB06789	5241	
DB06791	6752	6755	
DB06793	4988	
DB06795	765	
DB06797	2567	
DB06800	4160	4986	4988	
DB06802	5742	5743	
DB06809	7852	
DB06813	1719	7298	64146	
DB06814	153	154	
DB06819	5578	
DB06822	462	3676	6387	
DB06825	2798	
DB07477	5742	5743	
DB07615	412	3269	
DB07776	1545	2101	2103	
DB08439	4057	5743	
DB08604	367	5468	7173	8856	9970	
DB08799	3269	
DB08801	1129	3269	
DB08804	367	
DB08807	155	
DB08809	2954	5163	
DB08813	462	2159	2353	4609	6403	
DB08814	4790	4843	5742	10846	
DB08815	150	152	1813	3350	3356	3363	
DB08816	64805	
DB08818	708	960	1404	1462	1463	3026	3161	3383	7130	10894	22927	55576	143903	145864	
DB08819	5737	
DB08820	1080	
DB08822	185	
DB08824	6531	
DB08827	4547	
DB08828	6608	
DB08836	1636	
DB08860	3156	3683	
DB08862	886	887	1950	5579	5595	5894	
DB08864	6336	8856	
DB08865	238	4233	6098	
DB08867	367	2908	5241	
DB08868	1901	1903	3065	8698	53637	
DB08869	2692	
DB08870	943	
DB08871	596	81027	
DB08872	781	8884	9254	
DB08875	3791	4233	5979	
DB08876	2629	
DB08877	3716	3717	5329	
DB08879	10673	
DB08880	1723	3156	
DB08881	673	
DB08882	1803	
DB08883	2890	
DB08885	5228	7422	7423	
DB08888	2	2335	5345	
DB08889	5689	5690	5693	5696	5698	5699	
DB08890	2984	
DB08893	155	
DB08894	2057	
DB08895	3716	3717	3718	7297	
DB08896	25	673	1969	2260	2263	2321	2324	2444	3791	3815	4914	4921	5156	5159	5600	5894	5979	7010	
DB08897	1128	1129	1131	1132	1133	
DB08899	367	
DB08900	9340	
DB08901	25	613	2260	2261	2263	2264	2322	3791	3815	3932	4067	5156	5979	6714	7010	
DB08904	7124	
DB08906	2908	4306	5241	
DB08907	6524	
DB08908	5970	9817	
DB08910	5743	7124	51185	
DB08911	5604	5605	
DB08912	673	3984	5894	79858	
DB08916	1956	2064	2066	
DB08918	6530	6532	
DB08931	2977	3000	
DB08932	1909	1910	
DB08935	931	
DB08936	3269	
DB08950	148	
DB08954	2902	2904	
DB08964	5732	5733	
DB08981	5742	5743	
DB08995	196	
DB09016	3269	3356	6532	
DB09026	5972	
DB09029	3605	
DB09030	2149	
DB09031	5243	5319	
DB09033	3676	3695	
DB09034	3061	3062	
DB09035	5133	
DB09036	3569	
DB09037	5133	
DB09038	6524	
DB09039	7357	
DB09043	2740	
DB09045	2740	
DB09046	3953	
DB09047	7153	
DB09048	6869	
DB09049	4988	
DB09051	2588	
DB09052	915	930	
DB09053	695	
DB09054	5293	
DB09059	552	553	554	5021	
DB09061	38	134	847	1139	1268	1269	1544	1545	1565	1577	1586	1728	2743	2835	2841	2876	2936	3156	3350	3356	3359	3620	4985	4988	5468	5742	5743	6647	7416	7442	8001	8911	8912	8913	8989	9290	27163	51393	59341	79054	162514	
DB09063	238	
DB09064	5465	
DB09066	2492	
DB09068	153	3350	3351	3359	3363	6530	6532	
DB09069	30	
DB09070	2099	
DB09071	4543	4544	
DB09073	1019	1021	
DB09074	142	10038	10039	
DB09075	2159	
DB09076	1128	1129	1131	1132	1133	
DB09078	2260	2261	2263	2264	2321	2324	3791	3815	5156	5979	
DB09079	2260	2261	2263	2321	2322	2324	3791	3932	4067	5156	5159	6714	
DB09080	154	
DB09082	154	
DB09083	610	
DB09085	6261	6262	6323	6326	6328	6329	6331	6334	6335	6336	11280	
DB09086	367	2099	2100	162514	
DB09088	6323	6326	6328	6329	6331	6334	6335	6336	11280	
DB09089	773	775	776	778	779	782	783	784	785	1128	1129	1131	1132	3778	3779	3780	3781	3782	3783	4988	8911	8912	8913	10242	
DB09090	779	
DB09091	2908	3066	
DB09092	2597	3419	4191	4967	6122	23530	
DB09095	306	2908	
DB09097	1812	1813	1816	
DB09098	2690	3480	
DB09099	6751	6752	6753	6754	6755	
DB09100	7067	7068	
DB09103	3815	
DB09105	249	1901	
DB09107	2057	
DB09108	7450	
DB09109	2147	2158	2159	
DB09112	3039	3043	4151	
DB09116	216	217	219	
DB09118	2554	2555	2556	2557	2558	2559	2560	2561	2562	2563	2564	2565	2566	2567	3939	3945	55879	
DB09119	5025	
DB09120	7442	
DB09121	107	108	111	
DB09123	367	5241	
DB09124	5241	
DB09126	3973	
DB09128	147	152	1813	3350	3356	
DB09129	3643	
DB09130	1	71	87	95	173	183	191	197	307	308	325	333	335	336	337	344	345	347	348	350	351	462	563	567	627	708	710	714	716	718	722	727	732	735	811	866	1072	1191	1192	1727	1915	1973	2023	2147	2597	2805	2821	2923	2934	2936	2937	3008	3017	3039	3043	3053	3064	3068	3075	3181	3187	3189	3191	3250	3309	3312	3320	3329	3375	3419	3426	3483	3543	3692	3698	3827	3848	3849	3856	3857	3858	3921	3939	4060	4830	5034	5037	5052	5054	5176	5223	5230	5265	5267	5315	5340	5345	5444	5473	5478	5621	5720	5902	6187	6273	6275	6279	6341	6421	6426	6622	6782	6866	6906	7001	7018	7086	7123	7184	7276	7358	7448	7529	8175	9588	10327	10399	10728	10963	11315	23468	79661	113457	116844	203068	252969	341208	
DB09131	1476	5624	
DB09140	4512	27035	
DB09141	462	2159	
DB09143	6608	
DB09148	351	
DB09149	351	
DB09151	351	
DB09158	5770	
DB09167	146	147	148	150	151	152	1128	1129	1131	1132	1133	3269	3350	3356	6530	6532	
DB09185	6530	
DB09195	146	147	148	150	151	152	3269	3356	3358	6532	
DB09205	146	147	148	150	151	152	
DB09206	146	
DB09209	4985	4986	4988	
DB09212	5742	5743	
DB09213	596	1080	2169	2811	5327	5465	5468	5742	5743	6278	6564	7056	
DB09214	5742	5743	
DB09216	5742	5743	
DB09220	10060	
DB09225	1812	1813	1816	3356	3362	3363	6530	6532	
DB09228	715	716	2147	2160	2161	3818	5327	
DB09236	773	775	776	778	779	782	783	784	785	
DB09237	775	776	4843	4846	
DB09238	773	775	776	778	779	782	783	784	785	8911	8912	8913	
DB09241	2977	4842	
DB09242	150	151	152	11188	
DB09256	7298	
DB09257	1806	
DB09258	462	2159	3053	
DB09265	2740	
DB09266	4360	
DB09270	4731	6389	
DB09271	1133	
DB09272	4985	4986	4988	
DB09280	1080	
DB09282	2977	
DB09285	5742	5743	
DB09289	6532	
DB09291	6869	
DB09292	4311	
DB09300	1129	1131	1133	
DB09301	627	2668	6347	7422	
DB09302	255738	
DB09310	2165	
DB09317	2099	
DB09318	2099	
DB09327	1806	7298	
DB09329	7450	
DB09330	1956	
DB09331	952	
DB09332	2147	2155	2158	2159	2677	5624	5627	
DB09333	1735	
DB09334	4158	
DB09336	931	4072	
DB09342	6323	6326	6328	6329	6331	6334	6335	6336	11280	
DB09343	1890	
DB09345	6323	6326	6328	6329	6331	6334	6335	6336	11280	
DB09351	153	
DB09363	775	
DB09369	2099	6715	79644	
DB09371	367	2099	6462	
DB09381	2099	
DB09383	2908	
DB09389	367	5241	6715	
DB09401	596	598	4170	
DB09409	2902	2903	2904	2905	2906	116443	116444	
DB09418	6528	
DB09421	7201	
DB09422	5465	
DB09460	759	760	762	768	
DB09462	125	375	1787	2954	3708	4668	5047	5467	9061	51477	
DB09472	759	760	
DB09477	623	1636	
DB09481	2902	2903	2904	2905	2906	116443	116444	
DB09488	3269	
DB09517	2512	3039	3043	
DB09526	3674	3690	7299	
DB09532	6344	
DB09535	2099	2100	
DB09536	8685	
DB09539	6720	
DB09552	528	
DB09555	3269	
DB09559	1956	
DB09564	3480	3630	3643	
DB09568	1892	3028	3033	4023	6785	84649	
DB10770	1438	2246	2263	2321	3458	3554	3569	5159	7040	7048	7124	
DB10772	1438	1956	2246	2263	3458	3553	3569	5156	7040	7048	7124	7422	
DB11059	6513	
DB11064	367	2099	5241	
DB11071	5742	5743	
DB11075	4072	
DB11077	5167	10553	
DB11079	5742	5743	
DB11081	2746	
DB11085	7173	
DB11087	8856	
DB11090	3757	
DB11091	5770	
DB11093	794	801	811	821	828	844	845	846	2201	4924	4925	6277	6284	6285	6678	6717	7178	8618	9104	9378	10016	10518	10519	11261	23413	25801	84467	93664	125972	140576	553115	
DB11094	2638	7421	
DB11113	5733	5734	
DB11120	5594	
DB11124	146	147	148	150	151	152	153	154	155	
DB11130	4985	4986	4988	
DB11131	7442	
DB11132	8685	
DB11133	5465	5468	6720	
DB11136	1528	
DB11148	773	774	775	776	777	778	779	781	782	783	784	785	786	3758	3764	3766	3767	3768	3772	8911	8912	8913	8989	9254	10368	10369	27091	27092	55799	59285	59341	
DB11156	1128	2859	
DB11157	3849	3859	9479	
DB11160	1812	1813	1815	1816	
DB11166	2147	2159	
DB11181	1128	1129	1131	1132	1133	
DB11186	3757	4986	4988	6323	6326	6328	6329	6331	6334	6335	6336	10280	11280	
DB11193	7099	
DB11201	5742	5743	
DB11217	7299	
DB11219	367	2099	2100	5241	
DB11221	6462	
DB11235	1128	1129	1131	1132	1133	3269	
DB11254	7052	7150	7299	
DB11273	146	147	148	150	151	152	153	154	155	3350	3351	3352	3354	3355	3356	3357	3358	3359	3360	3362	3363	9177	170572	200909	285242	
DB11274	1812	1813	1814	1816	
DB11275	1812	1813	1814	1815	1816	
DB11278	146	147	148	150	151	152	153	154	155	
DB11294	3105	3106	3122	3123	3125	3126	3127	
DB11300	2149	2153	2157	2160	2162	2165	2243	2244	2266	9002	
DB11311	1361	2162	2243	2244	
DB11312	2153	2157	
DB11323	5742	5743	
DB11327	4843	5743	
DB11328	10544	
DB11338	1277	1438	3627	7412	
DB11348	794	801	811	821	828	844	845	846	2201	4924	4925	6277	6284	6285	6678	6717	7178	8618	9104	9378	10016	10518	10519	11261	23413	25801	84467	93664	125972	140576	553115	
DB11359	213	
DB11362	5739	
DB11363	238	
DB11386	3757	
DB11496	7173	
DB11560	55867	116085	
DB11569	3605	
DB11571	2153	2157	2160	2162	2165	2243	2244	2266	
DB11572	2153	2157	2243	2244	2266	
DB11577	146	147	148	150	151	152	196	
DB11580	727	
DB11581	596	
DB11582	2554	2561	2566	2742	2743	8001	
DB11584	1812	1816	
DB11587	154	
DB11588	4151	
DB11590	486	4548	23657	
DB11591	3269	
DB11595	29126	
DB11598	462	
DB11601	7097	
DB11605	5465	8856	9971	
DB11606	7450	
DB11607	7450	
DB11611	3383	3683	
DB11614	3269	5724	
DB11617	7153	7155	
DB11619	367	2099	2798	2908	5241	6462	
DB11620	2224	
DB11626	7132	7133	
DB11632	1312	
DB11633	775	3741	3752	3757	3763	3765	3767	3784	6331	
DB11635	5243	
DB11639	657	659	
DB11640	3736	
DB11641	203068	
DB11642	3757	11255	
DB11644	7276	
DB11652	2064	2065	
DB11653	4157	4158	4159	4160	4161	
DB11660	5737	
DB11672	873	2950	5468	7421	10057	
DB11689	5604	5605	
DB11691	4985	4986	4988	
DB11699	3359	
DB11703	695	
DB11712	1080	
DB11714	29126	
DB11718	595	673	
DB11730	1019	1021	
DB11732	3355	
DB11738	150	152	
DB11750	5319	
DB11757	134	135	
DB11760	142	10038	
DB11761	6550	
DB11767	2209	2212	2213	2214	2215	3570	3572	
DB11776	3605	23765	54756	55540	84818	132014	
DB11785	153	
DB11791	4233	
DB11793	142	10038	
DB11817	2185	3716	3717	3718	
DB11823	627	1938	2902	2903	2904	2905	2906	4915	116443	116444	
DB11827	6524	
DB11828	1956	2064	
DB11834	51561	
DB11837	1584	1585	
DB11842	185	186	
DB11855	1128	1129	1131	1132	1133	
DB11859	2554	2555	2556	2557	2558	2559	2560	2561	2562	2563	2564	2565	2566	2567	55879	
DB11866	50964	
DB11901	367	2554	2555	2556	2557	2558	2559	2560	2561	2562	2563	2564	2565	2566	2567	55879	
DB11915	6571	
DB11921	2908	
DB11936	47	
DB11942	7514	
DB11945	29126	
DB11951	3061	3062	
DB11952	5293	5294	
DB11963	1956	2064	2066	
DB11967	3553	3569	4214	5605	7124	
DB11978	6608	
DB11979	2798	
DB11986	3717	4914	4915	4916	6098	10188	
DB11988	931	
DB11994	240	1544	1559	1565	1571	1576	1577	7376	10062	64816	
DB11995	4352	9376	9429	
DB12001	1019	1021	
DB12010	25	27	90	91	140	238	240	558	640	658	659	660	673	695	780	815	816	817	818	983	1019	1111	1195	1196	1198	1263	1432	1436	1445	1448	1452	1457	1459	1514	1520	1612	1613	1859	1956	1969	2011	2030	2041	2042	2043	2044	2045	2046	2047	2048	2050	2051	2064	2066	2081	2166	2185	2241	2242	2260	2261	2263	2268	2321	2322	2324	2444	2475	2534	2580	2872	2931	2932	3055	3551	3643	3645	3654	3702	3716	3717	3718	3791	3815	3932	3984	3985	4058	4067	4139	4140	4145	4214	4215	4216	4233	4293	4294	4296	4486	4593	4638	4750	4751	4752	4914	4915	4916	4921	5058	5062	5063	5127	5128	5156	5159	5170	5260	5287	5292	5293	5294	5298	5347	5562	5563	5564	5565	5566	5567	5571	5580	5581	5582	5584	5585	5586	5587	5588	5593	5596	5598	5601	5602	5603	5605	5606	5607	5608	5610	5747	5753	5871	5894	5979	6098	6195	6197	6714	6725	6787	6788	6790	6793	6795	6850	7006	7010	7016	7046	7048	7075	7272	7294	7297	7301	7465	7525	7535	7786	8396	8408	8428	8491	8536	8550	8569	8573	8576	8654	8711	8737	8767	8780	8814	8899	8999	9064	9088	9113	9149	9175	9201	9212	9262	9263	9344	9448	9475	9641	9706	9748	9833	9874	9891	9943	10114	10188	10298	10461	10645	10733	10746	10769	11011	11113	11183	11184	11200	11213	11329	22848	22858	22983	23012	23043	23235	23332	23387	23604	25989	27102	27148	27330	27347	28996	29110	50488	51135	51347	51422	51765	51776	53632	53904	54658	54861	55561	55589	55781	56997	57118	57144	57172	57396	57551	57787	65061	65975	79837	79858	79934	80122	81788	83732	83942	84254	85366	85443	91754	91807	120892	140901	166614	167359	202374	225689	285220	340156	341676	388228	389840	415116	440275	
DB12015	5290	
DB12023	2214	3567	3568	
DB12082	3757	5139	
DB12086	1133	
DB12092	148	
DB12095	7166	121278	
DB12130	238	6098	
DB12141	238	558	2322	3350	3351	3352	3354	3355	3356	3357	3358	3359	3360	3362	3363	9177	170572	200909	285242	
DB12147	1436	2260	2261	2263	2264	3791	3815	5156	5159	
DB12150	5742	5743	
DB12159	3566	
DB12161	6571	
DB12163	3356	
DB12230	146	
DB12240	974	
DB12267	25	238	1956	2064	2066	2322	3480	3643	4233	
DB12278	148	775	1128	1129	1131	1132	1133	
DB12313	1813	
DB12314	64146	
DB12319	4363	55107	
DB12328	196	5499	
DB12332	142	10038	10039	
DB12364	2159	
DB12366	2990	
DB12371	1901	53637	
DB12417	1803	
DB12457	10203	
DB12483	5290	5293	
DB12487	2099	
DB12498	1233	
DB12500	2322	3716	3717	
DB12523	3269	
DB12530	930	
DB12532	2520	
DB12537	2554	2555	2556	2557	2558	2559	2560	2561	2562	2563	2564	2565	2566	2567	55879	
DB12554	1133	
DB12590	2554	
DB12598	7124	
DB12610	213	
DB12612	1901	53637	
DB12615	29960	
DB12617	3614	
DB12647	3156	
DB12661	3350	
DB12688	933	1938	
DB12698	920	1234	7852	
DB12710	1813	
DB12773	3455	
DB12783	1644	
DB12789	11251	
DB12808	5914	5915	5916	
DB12839	5053	
DB12865	846	
DB12872	1277	2157	
DB12877	3269	
DB12887	2145	2146	
DB12893	4070	7150	8880	
DB12941	367	5241	
DB12965	2	213	1356	4489	4493	4494	4495	4496	4499	4501	4502	4504	4520	9633	
DB12978	1436	2322	3815	5159	
DB13007	81607	
DB13025	1813	6336	
DB13074	2693	
DB13125	4352	
DB13133	1277	2157	
DB13139	154	
DB13144	1441	
DB13146	2890	2891	2892	2893	2902	2903	2904	2905	2906	6510	9056	84889	116443	116444	
DB13149	2153	2159	5624	
DB13150	2152	2158	2159	
DB13151	2147	2153	2155	2157	2159	2162	2243	2244	
DB13152	2147	2155	2157	2159	2160	2677	4035	
DB13154	6329	
DB13155	367	
DB13158	2908	
DB13166	1636	
DB13167	5743	
DB13169	367	
DB13170	2977	2984	
DB13173	1200	3482	
DB13179	8856	
DB13192	2158	2159	
DB13200	1441	
DB13254	1133	
DB13257	3039	7036	7037	
DB13262	1128	1129	1131	1132	1133	
DB13269	6323	6324	6326	6327	6328	6329	6330	6331	6334	6335	6336	11280	55800	
DB13312	1636	
DB13318	4130	4131	
DB13345	146	147	148	150	151	152	153	154	155	1812	1813	1814	1815	1816	3350	3351	3352	3354	3355	3356	3357	3358	3359	3360	3362	3363	9177	170572	200909	285242	
DB13346	5742	5743	10013	83933	
DB13472	2099	
DB13478	590	
DB13501	5742	5743	
DB13502	4129	
DB13503	43	
DB13505	1133	
DB13520	6326	
DB13530	155	
DB13559	155	
DB13615	7099	64127	
DB13648	1139	
DB13720	1128	1131	
DB13746	773	774	775	776	777	778	779	781	782	783	784	785	786	6323	6326	6328	6329	6331	6334	6335	6336	8911	8912	8913	9254	10368	10369	11280	27091	27092	55799	59285	
DB13751	836	3290	4023	4790	4791	7124	
DB13766	2030	6328	
DB13775	3350	
DB13781	153	
DB13783	5742	5743	
DB13791	8913	
DB13800	794	801	844	
DB13867	2908	4306	5241	5321	
DB13872	2554	2555	2556	2557	2558	2559	2560	2561	2562	2563	2564	2565	2566	2567	55879	
DB13873	2168	5465	5467	5468	8856	64386	
DB13874	3417	3418	3419	3420	3421	
DB13881	930	
DB13884	2159	
DB13893	8399	
DB13894	8399	
DB13896	1437	
DB13908	6326	
DB13913	1133	
DB13915	930	
DB13919	185	
DB13923	2158	2159	
DB13925	6752	
DB13926	4804	4914	
DB13928	2740	
DB13931	6093	6530	9475	
DB13932	6121	
DB13933	2155	2157	2159	
DB13943	367	2099	4306	
DB13944	367	2099	4306	
DB13946	367	2099	4306	
DB13949	7037	
DB13952	1137	2099	2100	2104	3294	4508	8678	8856	10499	
DB13953	1137	2099	2100	2104	3294	4508	8678	8856	10499	
DB13954	1137	2099	2100	2104	3294	4508	8678	8856	10499	
DB13955	1137	2099	2100	2104	3294	4508	8678	8856	10499	
DB13956	1137	2099	2100	2104	3294	4508	8678	8856	10499	
DB13961	775	776	778	779	782	783	784	785	4790	4791	5465	5467	5468	5743	6323	6324	6326	6327	6328	6329	6330	6331	6334	6335	6336	6720	11280	55800	84649	
DB13967	213	
DB13981	2099	
DB13985	6751	6752	6753	6754	6755	
DB13995	2495	2512	3039	3043	
DB13996	476	
DB13998	433	811	821	2158	2159	3309	3998	4035	5264	7450	90411	
DB13999	433	811	821	2158	2159	3309	3998	4035	5264	7450	90411	
DB14001	240	1606	1607	1608	1609	5578	5579	8525	8526	8527	8856	9162	23541	139189	160851	266629	
DB14002	240	5578	5579	8856	23541	266629	
DB14004	3593	27178	51561	
DB14006	43	590	1139	5130	5337	5338	9468	
DB14012	8074	
DB14019	6869	
DB14039	10203	
DB14040	796	797	
DB14041	796	797	
DB14042	796	797	
DB14065	774	6331	
DB14185	147	148	150	151	152	1128	1129	1131	1132	1133	1812	1813	1814	1815	1816	3269	3350	3351	3352	3354	3356	3358	3359	3362	3363	
DB14481	794	801	811	821	828	844	845	846	2201	4924	4925	6277	6284	6285	6678	6717	7178	8618	9104	9378	10016	10518	10519	11261	23413	25801	84467	93664	125972	140576	553115	
DB14487	1	2	12	142	183	197	226	325	333	334	335	336	337	348	351	443	623	629	713	714	715	716	718	722	725	727	731	732	733	866	1191	1356	1369	1370	1832	1915	2023	2099	2147	2161	2165	2243	2335	2923	2934	3039	3043	3053	3065	3075	3250	3426	3483	3512	3562	3630	3697	3698	3699	3700	3728	3818	3827	3848	3849	3852	3853	3857	3858	3861	3868	4193	4255	4318	4350	4489	4502	4504	4830	5005	5034	5052	5265	5267	5444	5723	6273	6278	6279	6280	6406	6414	6462	6647	7018	7157	7161	7167	7276	7284	7402	7448	8542	8547	9759	9973	10016	10572	26330	55869	79184	117159	388697	
DB14488	1356	2237	2395	2495	3039	5423	7018	7037	51327	54583	55869	79661	252969	
DB14489	1356	2237	2395	2495	3039	5423	7018	7037	51327	54583	55869	79661	252969	
DB14490	1356	2237	2395	2495	3039	5423	7018	7037	51327	54583	55869	79661	252969	
DB14491	1356	2237	2395	2495	3039	5423	7018	7037	51327	54583	55869	79661	252969	
DB14498	476	
DB14499	476	
DB14500	476	
DB14501	1356	2237	2395	2495	3039	5423	7018	7037	51327	54583	55869	79661	252969	
DB14507	2892	2932	3612	3613	
DB14509	2892	2932	3612	3613	
DB14512	2908	5241	
DB14517	351	476	3816	7018	
DB14518	351	476	3816	7018	
DB14520	7037	
DB14527	1528	
DB14528	1528	
DB14529	1528	
DB14530	1528	
DB14533	2	12	142	197	226	333	334	335	338	339	348	351	443	623	713	714	715	716	718	722	725	727	866	1191	1356	1369	1370	1915	2023	2099	2160	2243	2335	2923	3039	3043	3053	3065	3075	3240	3263	3273	3483	3512	3562	3630	3697	3698	3699	3700	3818	3827	3857	4193	4255	4318	4350	4489	4502	4504	4830	5005	5034	5052	5265	5444	5723	6273	6278	6279	6280	6406	6407	6414	6462	6647	7018	7157	7161	7167	7276	7284	7402	7448	8542	9759	9973	10572	26330	55869	79184	117159	
DB14539	301	2908	3283	3291	
DB14540	301	2908	3283	3291	
DB14541	301	2908	3283	3291	
DB14542	301	2908	3283	3291	
DB14543	301	2908	3283	3291	
DB14544	301	2908	3283	3291	
DB14548	2	12	142	197	226	333	334	335	338	339	348	351	443	623	713	714	715	716	718	722	725	727	866	1191	1356	1369	1370	1915	2023	2099	2160	2243	2335	2923	3039	3043	3053	3065	3075	3240	3263	3273	3483	3512	3562	3630	3697	3698	3699	3700	3818	3827	3857	4193	4255	4318	4350	4489	4502	4504	4830	5005	5034	5052	5265	5444	5723	6273	6278	6279	6280	6406	6407	6414	6462	6647	7018	7157	7161	7167	7276	7284	7402	7448	8542	9759	9973	10572	26330	55869	79184	117159	
DB14562	7035	
DB14568	3417	
DB14575	5025	11280	
DB14582	7276	
DB14583	367	2908	5241	
DB14596	2101	2103	2104	2908	
DB14597	3818	
DB14631	301	2908	
DB14642	552	553	554	
DB14649	190	301	2908	4843	8856	
DB14669	301	2908	
DB14700	2157	
DB14707	5133	
DB14712	100	
DB14713	7276	
DB14719	2567	
DB14723	4914	4915	4916	
DB14724	3458	
DB14726	2147	
DB14730	80150	
DB14731	402	3563	
DB14738	2147	2158	2159	
DB14740	7040	
DB14751	3480	3482	3643	
DB14754	6530	6531	
DB14762	3593	51561	
DB14811	952	
DB14840	673	3791	3815	5156	5159	7010	
DB14864	7422	
DB14914	4128	4129	4137	
DB14962	2209	7150	
DB14975	3039	
DB14999	3454	
DB15035	640	660	695	1956	2064	2066	2268	2444	3702	3717	3718	3932	5753	7006	7294	
DB15091	3716	
DB15102	2260	2261	2263	2264	
DB15233	3815	
DB15263	7253	
DB15271	6403	
DB15293	231	
DB15328	10203	
DB15444	1080	
DB15494	6751	6752	6753	6755	
DB15534	7846	203068	
DB15566	2908	
DB15593	1756	
DB15598	3690	4891	
DB15617	3039	7036	7037	
DB15685	2260	2261	2263	2321	2324	5979	
DB15690	2099	2100	
